2022/04/16-16:49:16.518261 7f8f99598f80 RocksDB version: 6.12.7
2022/04/16-16:49:16.518356 7f8f99598f80 Git sha rocksdb_build_git_sha:@0@
2022/04/16-16:49:16.518361 7f8f99598f80 Compile date Jan  1 1980
2022/04/16-16:49:16.518432 7f8f99598f80 DB SUMMARY
2022/04/16-16:49:16.518436 7f8f99598f80 DB Session ID:  0VO1W84J8BJ8K4RUQD7Q
2022/04/16-16:49:16.518481 7f8f99598f80 CURRENT file:  CURRENT
2022/04/16-16:49:16.518484 7f8f99598f80 IDENTITY file:  IDENTITY
2022/04/16-16:49:16.518489 7f8f99598f80 MANIFEST file:  MANIFEST-000102 size: 6157 Bytes
2022/04/16-16:49:16.518491 7f8f99598f80 SST files in /home/ritik/education/.dfx/state/replicated_state/node-100/ic_consensus_pool/consensus dir, Total Num: 12, files: 000106.sst 000107.sst 000108.sst 000109.sst 000110.sst 000111.sst 000112.sst 000113.sst 000114.sst 
2022/04/16-16:49:16.518493 7f8f99598f80 Write Ahead Log file in /home/ritik/education/.dfx/state/replicated_state/node-100/ic_consensus_pool/consensus: 000103.log size: 5716769 ; 
2022/04/16-16:49:16.518495 7f8f99598f80                         Options.error_if_exists: 0
2022/04/16-16:49:16.518497 7f8f99598f80                       Options.create_if_missing: 1
2022/04/16-16:49:16.518498 7f8f99598f80                         Options.paranoid_checks: 1
2022/04/16-16:49:16.518499 7f8f99598f80                                     Options.env: 0x56082cbb18e0
2022/04/16-16:49:16.518501 7f8f99598f80                                      Options.fs: Posix File System
2022/04/16-16:49:16.518502 7f8f99598f80                                Options.info_log: 0x7f8f9905ea80
2022/04/16-16:49:16.518504 7f8f99598f80                Options.max_file_opening_threads: 16
2022/04/16-16:49:16.518505 7f8f99598f80                              Options.statistics: (nil)
2022/04/16-16:49:16.518506 7f8f99598f80                               Options.use_fsync: 1
2022/04/16-16:49:16.518508 7f8f99598f80                       Options.max_log_file_size: 0
2022/04/16-16:49:16.518509 7f8f99598f80                  Options.max_manifest_file_size: 1073741824
2022/04/16-16:49:16.518510 7f8f99598f80                   Options.log_file_time_to_roll: 0
2022/04/16-16:49:16.518511 7f8f99598f80                       Options.keep_log_file_num: 1000
2022/04/16-16:49:16.518513 7f8f99598f80                    Options.recycle_log_file_num: 0
2022/04/16-16:49:16.518514 7f8f99598f80                         Options.allow_fallocate: 1
2022/04/16-16:49:16.518515 7f8f99598f80                        Options.allow_mmap_reads: 0
2022/04/16-16:49:16.518516 7f8f99598f80                       Options.allow_mmap_writes: 0
2022/04/16-16:49:16.518518 7f8f99598f80                        Options.use_direct_reads: 0
2022/04/16-16:49:16.518519 7f8f99598f80                        Options.use_direct_io_for_flush_and_compaction: 0
2022/04/16-16:49:16.518520 7f8f99598f80          Options.create_missing_column_families: 1
2022/04/16-16:49:16.518521 7f8f99598f80                              Options.db_log_dir: 
2022/04/16-16:49:16.518523 7f8f99598f80                                 Options.wal_dir: /home/ritik/education/.dfx/state/replicated_state/node-100/ic_consensus_pool/consensus
2022/04/16-16:49:16.518524 7f8f99598f80                Options.table_cache_numshardbits: 6
2022/04/16-16:49:16.518525 7f8f99598f80                         Options.WAL_ttl_seconds: 0
2022/04/16-16:49:16.518527 7f8f99598f80                       Options.WAL_size_limit_MB: 0
2022/04/16-16:49:16.518528 7f8f99598f80                        Options.max_write_batch_group_size_bytes: 1048576
2022/04/16-16:49:16.518529 7f8f99598f80             Options.manifest_preallocation_size: 4194304
2022/04/16-16:49:16.518530 7f8f99598f80                     Options.is_fd_close_on_exec: 1
2022/04/16-16:49:16.518532 7f8f99598f80                   Options.advise_random_on_open: 1
2022/04/16-16:49:16.518533 7f8f99598f80                    Options.db_write_buffer_size: 0
2022/04/16-16:49:16.518534 7f8f99598f80                    Options.write_buffer_manager: 0x7f8f990abc20
2022/04/16-16:49:16.518535 7f8f99598f80         Options.access_hint_on_compaction_start: 1
2022/04/16-16:49:16.518536 7f8f99598f80  Options.new_table_reader_for_compaction_inputs: 0
2022/04/16-16:49:16.518553 7f8f99598f80           Options.random_access_max_buffer_size: 1048576
2022/04/16-16:49:16.518556 7f8f99598f80                      Options.use_adaptive_mutex: 0
2022/04/16-16:49:16.518557 7f8f99598f80                            Options.rate_limiter: (nil)
2022/04/16-16:49:16.518559 7f8f99598f80     Options.sst_file_manager.rate_bytes_per_sec: 0
2022/04/16-16:49:16.518560 7f8f99598f80                       Options.wal_recovery_mode: 2
2022/04/16-16:49:16.518561 7f8f99598f80                  Options.enable_thread_tracking: 0
2022/04/16-16:49:16.518562 7f8f99598f80                  Options.enable_pipelined_write: 0
2022/04/16-16:49:16.518564 7f8f99598f80                  Options.unordered_write: 0
2022/04/16-16:49:16.518565 7f8f99598f80         Options.allow_concurrent_memtable_write: 1
2022/04/16-16:49:16.518566 7f8f99598f80      Options.enable_write_thread_adaptive_yield: 1
2022/04/16-16:49:16.518567 7f8f99598f80             Options.write_thread_max_yield_usec: 100
2022/04/16-16:49:16.518577 7f8f99598f80            Options.write_thread_slow_yield_usec: 3
2022/04/16-16:49:16.518578 7f8f99598f80                               Options.row_cache: None
2022/04/16-16:49:16.518579 7f8f99598f80                              Options.wal_filter: None
2022/04/16-16:49:16.518581 7f8f99598f80             Options.avoid_flush_during_recovery: 0
2022/04/16-16:49:16.518582 7f8f99598f80             Options.allow_ingest_behind: 0
2022/04/16-16:49:16.518583 7f8f99598f80             Options.preserve_deletes: 0
2022/04/16-16:49:16.518585 7f8f99598f80             Options.two_write_queues: 0
2022/04/16-16:49:16.518586 7f8f99598f80             Options.manual_wal_flush: 0
2022/04/16-16:49:16.518587 7f8f99598f80             Options.atomic_flush: 0
2022/04/16-16:49:16.518588 7f8f99598f80             Options.avoid_unnecessary_blocking_io: 0
2022/04/16-16:49:16.518590 7f8f99598f80                 Options.persist_stats_to_disk: 0
2022/04/16-16:49:16.518591 7f8f99598f80                 Options.write_dbid_to_manifest: 0
2022/04/16-16:49:16.518592 7f8f99598f80                 Options.log_readahead_size: 0
2022/04/16-16:49:16.518593 7f8f99598f80                 Options.file_checksum_gen_factory: Unknown
2022/04/16-16:49:16.518595 7f8f99598f80                 Options.best_efforts_recovery: 0
2022/04/16-16:49:16.518596 7f8f99598f80                Options.max_bgerror_resume_count: 2147483647
2022/04/16-16:49:16.518598 7f8f99598f80            Options.bgerror_resume_retry_interval: 1000000
2022/04/16-16:49:16.518599 7f8f99598f80             Options.max_background_jobs: 2
2022/04/16-16:49:16.518600 7f8f99598f80             Options.max_background_compactions: -1
2022/04/16-16:49:16.518602 7f8f99598f80             Options.max_subcompactions: 1
2022/04/16-16:49:16.518603 7f8f99598f80             Options.avoid_flush_during_shutdown: 0
2022/04/16-16:49:16.518604 7f8f99598f80           Options.writable_file_max_buffer_size: 1048576
2022/04/16-16:49:16.518605 7f8f99598f80             Options.delayed_write_rate : 16777216
2022/04/16-16:49:16.518607 7f8f99598f80             Options.max_total_wal_size: 0
2022/04/16-16:49:16.518608 7f8f99598f80             Options.delete_obsolete_files_period_micros: 21600000000
2022/04/16-16:49:16.518609 7f8f99598f80                   Options.stats_dump_period_sec: 600
2022/04/16-16:49:16.518611 7f8f99598f80                 Options.stats_persist_period_sec: 600
2022/04/16-16:49:16.518612 7f8f99598f80                 Options.stats_history_buffer_size: 1048576
2022/04/16-16:49:16.518613 7f8f99598f80                          Options.max_open_files: -1
2022/04/16-16:49:16.518614 7f8f99598f80                          Options.bytes_per_sync: 0
2022/04/16-16:49:16.518616 7f8f99598f80                      Options.wal_bytes_per_sync: 0
2022/04/16-16:49:16.518617 7f8f99598f80                   Options.strict_bytes_per_sync: 0
2022/04/16-16:49:16.518618 7f8f99598f80       Options.compaction_readahead_size: 0
2022/04/16-16:49:16.518620 7f8f99598f80                  Options.max_background_flushes: -1
2022/04/16-16:49:16.518631 7f8f99598f80 Compression algorithms supported:
2022/04/16-16:49:16.518634 7f8f99598f80 	kZSTDNotFinalCompression supported: 1
2022/04/16-16:49:16.518640 7f8f99598f80 	kZSTD supported: 1
2022/04/16-16:49:16.518642 7f8f99598f80 	kXpressCompression supported: 0
2022/04/16-16:49:16.518644 7f8f99598f80 	kLZ4HCCompression supported: 1
2022/04/16-16:49:16.518646 7f8f99598f80 	kLZ4Compression supported: 1
2022/04/16-16:49:16.518647 7f8f99598f80 	kBZip2Compression supported: 1
2022/04/16-16:49:16.518649 7f8f99598f80 	kZlibCompression supported: 1
2022/04/16-16:49:16.518650 7f8f99598f80 	kSnappyCompression supported: 1
2022/04/16-16:49:16.518653 7f8f99598f80 Fast CRC32 supported: Supported on x86
2022/04/16-16:49:16.535946 7f8f99598f80 [db/version_set.cc:4559] Recovering from manifest file: /home/ritik/education/.dfx/state/replicated_state/node-100/ic_consensus_pool/consensus/MANIFEST-000102
2022/04/16-16:49:16.536152 7f8f99598f80 [db/column_family.cc:578] --------------- Options for column family [default]:
2022/04/16-16:49:16.536157 7f8f99598f80               Options.comparator: leveldb.BytewiseComparator
2022/04/16-16:49:16.536159 7f8f99598f80           Options.merge_operator: None
2022/04/16-16:49:16.536161 7f8f99598f80        Options.compaction_filter: None
2022/04/16-16:49:16.536162 7f8f99598f80        Options.compaction_filter_factory: None
2022/04/16-16:49:16.536164 7f8f99598f80  Options.sst_partitioner_factory: None
2022/04/16-16:49:16.536165 7f8f99598f80         Options.memtable_factory: SkipListFactory
2022/04/16-16:49:16.536167 7f8f99598f80            Options.table_factory: BlockBasedTable
2022/04/16-16:49:16.536200 7f8f99598f80            table_factory options:   flush_block_policy_factory: FlushBlockBySizePolicyFactory (0x7f8f99090658)
  cache_index_and_filter_blocks: 0
  cache_index_and_filter_blocks_with_high_priority: 1
  pin_l0_filter_and_index_blocks_in_cache: 0
  pin_top_level_index_and_filter: 1
  index_type: 0
  data_block_index_type: 0
  index_shortening: 1
  data_block_hash_table_util_ratio: 0.750000
  hash_index_allow_collision: 1
  checksum: 1
  no_block_cache: 0
  block_cache: 0x7f8f9915f210
  block_cache_name: LRUCache
  block_cache_options:
    capacity : 8388608
    num_shard_bits : 4
    strict_capacity_limit : 0
    memory_allocator : None
    high_pri_pool_ratio: 0.000
  block_cache_compressed: (nil)
  persistent_cache: (nil)
  block_size: 4096
  block_size_deviation: 10
  block_restart_interval: 16
  index_block_restart_interval: 1
  metadata_block_size: 4096
  partition_filters: 0
  use_delta_encoding: 1
  filter_policy: nullptr
  whole_key_filtering: 1
  verify_compression: 0
  read_amp_bytes_per_bit: 0
  format_version: 4
  enable_index_compression: 1
  block_align: 0
2022/04/16-16:49:16.536205 7f8f99598f80        Options.write_buffer_size: 67108864
2022/04/16-16:49:16.536207 7f8f99598f80  Options.max_write_buffer_number: 2
2022/04/16-16:49:16.536209 7f8f99598f80          Options.compression: Snappy
2022/04/16-16:49:16.536210 7f8f99598f80                  Options.bottommost_compression: Disabled
2022/04/16-16:49:16.536212 7f8f99598f80       Options.prefix_extractor: nullptr
2022/04/16-16:49:16.536213 7f8f99598f80   Options.memtable_insert_with_hint_prefix_extractor: nullptr
2022/04/16-16:49:16.536214 7f8f99598f80             Options.num_levels: 7
2022/04/16-16:49:16.536216 7f8f99598f80        Options.min_write_buffer_number_to_merge: 1
2022/04/16-16:49:16.536217 7f8f99598f80     Options.max_write_buffer_number_to_maintain: 0
2022/04/16-16:49:16.536218 7f8f99598f80     Options.max_write_buffer_size_to_maintain: 0
2022/04/16-16:49:16.536220 7f8f99598f80            Options.bottommost_compression_opts.window_bits: -14
2022/04/16-16:49:16.536221 7f8f99598f80                  Options.bottommost_compression_opts.level: 32767
2022/04/16-16:49:16.536222 7f8f99598f80               Options.bottommost_compression_opts.strategy: 0
2022/04/16-16:49:16.536224 7f8f99598f80         Options.bottommost_compression_opts.max_dict_bytes: 0
2022/04/16-16:49:16.536225 7f8f99598f80         Options.bottommost_compression_opts.zstd_max_train_bytes: 0
2022/04/16-16:49:16.536261 7f8f99598f80         Options.bottommost_compression_opts.parallel_threads: 1
2022/04/16-16:49:16.536264 7f8f99598f80                  Options.bottommost_compression_opts.enabled: false
2022/04/16-16:49:16.536266 7f8f99598f80            Options.compression_opts.window_bits: -14
2022/04/16-16:49:16.536267 7f8f99598f80                  Options.compression_opts.level: 32767
2022/04/16-16:49:16.536268 7f8f99598f80               Options.compression_opts.strategy: 0
2022/04/16-16:49:16.536270 7f8f99598f80         Options.compression_opts.max_dict_bytes: 0
2022/04/16-16:49:16.536271 7f8f99598f80         Options.compression_opts.zstd_max_train_bytes: 0
2022/04/16-16:49:16.536272 7f8f99598f80         Options.compression_opts.parallel_threads: 1
2022/04/16-16:49:16.536273 7f8f99598f80                  Options.compression_opts.enabled: false
2022/04/16-16:49:16.536275 7f8f99598f80      Options.level0_file_num_compaction_trigger: 4
2022/04/16-16:49:16.536276 7f8f99598f80          Options.level0_slowdown_writes_trigger: 20
2022/04/16-16:49:16.536277 7f8f99598f80              Options.level0_stop_writes_trigger: 36
2022/04/16-16:49:16.536278 7f8f99598f80                   Options.target_file_size_base: 67108864
2022/04/16-16:49:16.536280 7f8f99598f80             Options.target_file_size_multiplier: 1
2022/04/16-16:49:16.536281 7f8f99598f80                Options.max_bytes_for_level_base: 268435456
2022/04/16-16:49:16.536282 7f8f99598f80 Options.level_compaction_dynamic_level_bytes: 0
2022/04/16-16:49:16.536284 7f8f99598f80          Options.max_bytes_for_level_multiplier: 10.000000
2022/04/16-16:49:16.536287 7f8f99598f80 Options.max_bytes_for_level_multiplier_addtl[0]: 1
2022/04/16-16:49:16.536288 7f8f99598f80 Options.max_bytes_for_level_multiplier_addtl[1]: 1
2022/04/16-16:49:16.536290 7f8f99598f80 Options.max_bytes_for_level_multiplier_addtl[2]: 1
2022/04/16-16:49:16.536291 7f8f99598f80 Options.max_bytes_for_level_multiplier_addtl[3]: 1
2022/04/16-16:49:16.536292 7f8f99598f80 Options.max_bytes_for_level_multiplier_addtl[4]: 1
2022/04/16-16:49:16.536294 7f8f99598f80 Options.max_bytes_for_level_multiplier_addtl[5]: 1
2022/04/16-16:49:16.536295 7f8f99598f80 Options.max_bytes_for_level_multiplier_addtl[6]: 1
2022/04/16-16:49:16.536296 7f8f99598f80       Options.max_sequential_skip_in_iterations: 8
2022/04/16-16:49:16.536298 7f8f99598f80                    Options.max_compaction_bytes: 1677721600
2022/04/16-16:49:16.536299 7f8f99598f80                        Options.arena_block_size: 8388608
2022/04/16-16:49:16.536300 7f8f99598f80   Options.soft_pending_compaction_bytes_limit: 68719476736
2022/04/16-16:49:16.536302 7f8f99598f80   Options.hard_pending_compaction_bytes_limit: 274877906944
2022/04/16-16:49:16.536303 7f8f99598f80       Options.rate_limit_delay_max_milliseconds: 100
2022/04/16-16:49:16.536304 7f8f99598f80                Options.disable_auto_compactions: 0
2022/04/16-16:49:16.536306 7f8f99598f80                        Options.compaction_style: kCompactionStyleLevel
2022/04/16-16:49:16.536308 7f8f99598f80                          Options.compaction_pri: kMinOverlappingRatio
2022/04/16-16:49:16.536309 7f8f99598f80 Options.compaction_options_universal.size_ratio: 1
2022/04/16-16:49:16.536310 7f8f99598f80 Options.compaction_options_universal.min_merge_width: 2
2022/04/16-16:49:16.536312 7f8f99598f80 Options.compaction_options_universal.max_merge_width: 4294967295
2022/04/16-16:49:16.536313 7f8f99598f80 Options.compaction_options_universal.max_size_amplification_percent: 200
2022/04/16-16:49:16.536314 7f8f99598f80 Options.compaction_options_universal.compression_size_percent: -1
2022/04/16-16:49:16.536316 7f8f99598f80 Options.compaction_options_universal.stop_style: kCompactionStopStyleTotalSize
2022/04/16-16:49:16.536317 7f8f99598f80 Options.compaction_options_fifo.max_table_files_size: 1073741824
2022/04/16-16:49:16.536319 7f8f99598f80 Options.compaction_options_fifo.allow_compaction: 0
2022/04/16-16:49:16.536324 7f8f99598f80                   Options.table_properties_collectors: 
2022/04/16-16:49:16.536335 7f8f99598f80                   Options.inplace_update_support: 0
2022/04/16-16:49:16.536337 7f8f99598f80                 Options.inplace_update_num_locks: 10000
2022/04/16-16:49:16.536339 7f8f99598f80               Options.memtable_prefix_bloom_size_ratio: 0.000000
2022/04/16-16:49:16.536341 7f8f99598f80               Options.memtable_whole_key_filtering: 0
2022/04/16-16:49:16.536342 7f8f99598f80   Options.memtable_huge_page_size: 0
2022/04/16-16:49:16.536343 7f8f99598f80                           Options.bloom_locality: 0
2022/04/16-16:49:16.536345 7f8f99598f80                    Options.max_successive_merges: 0
2022/04/16-16:49:16.536346 7f8f99598f80                Options.optimize_filters_for_hits: 0
2022/04/16-16:49:16.536347 7f8f99598f80                Options.paranoid_file_checks: 0
2022/04/16-16:49:16.536349 7f8f99598f80                Options.force_consistency_checks: 0
2022/04/16-16:49:16.536350 7f8f99598f80                Options.report_bg_io_stats: 0
2022/04/16-16:49:16.536351 7f8f99598f80                               Options.ttl: 2592000
2022/04/16-16:49:16.536352 7f8f99598f80          Options.periodic_compaction_seconds: 0
2022/04/16-16:49:16.547750 7f8f99598f80 [db/column_family.cc:578] --------------- Options for column family [RB]:
2022/04/16-16:49:16.547770 7f8f99598f80               Options.comparator: leveldb.BytewiseComparator
2022/04/16-16:49:16.547773 7f8f99598f80           Options.merge_operator: None
2022/04/16-16:49:16.547776 7f8f99598f80        Options.compaction_filter: filter_outdated
2022/04/16-16:49:16.547778 7f8f99598f80        Options.compaction_filter_factory: None
2022/04/16-16:49:16.547780 7f8f99598f80  Options.sst_partitioner_factory: None
2022/04/16-16:49:16.547781 7f8f99598f80         Options.memtable_factory: SkipListFactory
2022/04/16-16:49:16.547783 7f8f99598f80            Options.table_factory: BlockBasedTable
2022/04/16-16:49:16.547820 7f8f99598f80            table_factory options:   flush_block_policy_factory: FlushBlockBySizePolicyFactory (0x7f8f99090530)
  cache_index_and_filter_blocks: 0
  cache_index_and_filter_blocks_with_high_priority: 1
  pin_l0_filter_and_index_blocks_in_cache: 0
  pin_top_level_index_and_filter: 1
  index_type: 0
  data_block_index_type: 0
  index_shortening: 1
  data_block_hash_table_util_ratio: 0.750000
  hash_index_allow_collision: 1
  checksum: 1
  no_block_cache: 0
  block_cache: 0x7f8f99091c10
  block_cache_name: LRUCache
  block_cache_options:
    capacity : 8388608
    num_shard_bits : 4
    strict_capacity_limit : 0
    memory_allocator : None
    high_pri_pool_ratio: 0.000
  block_cache_compressed: (nil)
  persistent_cache: (nil)
  block_size: 4096
  block_size_deviation: 10
  block_restart_interval: 16
  index_block_restart_interval: 1
  metadata_block_size: 4096
  partition_filters: 0
  use_delta_encoding: 1
  filter_policy: nullptr
  whole_key_filtering: 1
  verify_compression: 0
  read_amp_bytes_per_bit: 0
  format_version: 4
  enable_index_compression: 1
  block_align: 0
2022/04/16-16:49:16.547827 7f8f99598f80        Options.write_buffer_size: 67108864
2022/04/16-16:49:16.547829 7f8f99598f80  Options.max_write_buffer_number: 2
2022/04/16-16:49:16.547831 7f8f99598f80          Options.compression: NoCompression
2022/04/16-16:49:16.547833 7f8f99598f80                  Options.bottommost_compression: Disabled
2022/04/16-16:49:16.547835 7f8f99598f80       Options.prefix_extractor: nullptr
2022/04/16-16:49:16.547837 7f8f99598f80   Options.memtable_insert_with_hint_prefix_extractor: nullptr
2022/04/16-16:49:16.547838 7f8f99598f80             Options.num_levels: 7
2022/04/16-16:49:16.547840 7f8f99598f80        Options.min_write_buffer_number_to_merge: 1
2022/04/16-16:49:16.547842 7f8f99598f80     Options.max_write_buffer_number_to_maintain: 0
2022/04/16-16:49:16.547843 7f8f99598f80     Options.max_write_buffer_size_to_maintain: 0
2022/04/16-16:49:16.547845 7f8f99598f80            Options.bottommost_compression_opts.window_bits: -14
2022/04/16-16:49:16.547847 7f8f99598f80                  Options.bottommost_compression_opts.level: 32767
2022/04/16-16:49:16.547894 7f8f99598f80               Options.bottommost_compression_opts.strategy: 0
2022/04/16-16:49:16.547898 7f8f99598f80         Options.bottommost_compression_opts.max_dict_bytes: 0
2022/04/16-16:49:16.547900 7f8f99598f80         Options.bottommost_compression_opts.zstd_max_train_bytes: 0
2022/04/16-16:49:16.547901 7f8f99598f80         Options.bottommost_compression_opts.parallel_threads: 1
2022/04/16-16:49:16.547903 7f8f99598f80                  Options.bottommost_compression_opts.enabled: false
2022/04/16-16:49:16.547905 7f8f99598f80            Options.compression_opts.window_bits: -14
2022/04/16-16:49:16.547906 7f8f99598f80                  Options.compression_opts.level: 32767
2022/04/16-16:49:16.547908 7f8f99598f80               Options.compression_opts.strategy: 0
2022/04/16-16:49:16.547910 7f8f99598f80         Options.compression_opts.max_dict_bytes: 0
2022/04/16-16:49:16.547912 7f8f99598f80         Options.compression_opts.zstd_max_train_bytes: 0
2022/04/16-16:49:16.547913 7f8f99598f80         Options.compression_opts.parallel_threads: 1
2022/04/16-16:49:16.547915 7f8f99598f80                  Options.compression_opts.enabled: false
2022/04/16-16:49:16.547917 7f8f99598f80      Options.level0_file_num_compaction_trigger: 4
2022/04/16-16:49:16.547918 7f8f99598f80          Options.level0_slowdown_writes_trigger: 20
2022/04/16-16:49:16.547920 7f8f99598f80              Options.level0_stop_writes_trigger: 36
2022/04/16-16:49:16.547921 7f8f99598f80                   Options.target_file_size_base: 67108864
2022/04/16-16:49:16.547923 7f8f99598f80             Options.target_file_size_multiplier: 1
2022/04/16-16:49:16.547925 7f8f99598f80                Options.max_bytes_for_level_base: 268435456
2022/04/16-16:49:16.547927 7f8f99598f80 Options.level_compaction_dynamic_level_bytes: 0
2022/04/16-16:49:16.547928 7f8f99598f80          Options.max_bytes_for_level_multiplier: 10.000000
2022/04/16-16:49:16.547932 7f8f99598f80 Options.max_bytes_for_level_multiplier_addtl[0]: 1
2022/04/16-16:49:16.547934 7f8f99598f80 Options.max_bytes_for_level_multiplier_addtl[1]: 1
2022/04/16-16:49:16.547936 7f8f99598f80 Options.max_bytes_for_level_multiplier_addtl[2]: 1
2022/04/16-16:49:16.547938 7f8f99598f80 Options.max_bytes_for_level_multiplier_addtl[3]: 1
2022/04/16-16:49:16.547939 7f8f99598f80 Options.max_bytes_for_level_multiplier_addtl[4]: 1
2022/04/16-16:49:16.547941 7f8f99598f80 Options.max_bytes_for_level_multiplier_addtl[5]: 1
2022/04/16-16:49:16.547943 7f8f99598f80 Options.max_bytes_for_level_multiplier_addtl[6]: 1
2022/04/16-16:49:16.547944 7f8f99598f80       Options.max_sequential_skip_in_iterations: 8
2022/04/16-16:49:16.547946 7f8f99598f80                    Options.max_compaction_bytes: 1677721600
2022/04/16-16:49:16.547948 7f8f99598f80                        Options.arena_block_size: 8388608
2022/04/16-16:49:16.547950 7f8f99598f80   Options.soft_pending_compaction_bytes_limit: 68719476736
2022/04/16-16:49:16.547951 7f8f99598f80   Options.hard_pending_compaction_bytes_limit: 274877906944
2022/04/16-16:49:16.547953 7f8f99598f80       Options.rate_limit_delay_max_milliseconds: 100
2022/04/16-16:49:16.547955 7f8f99598f80                Options.disable_auto_compactions: 1
2022/04/16-16:49:16.547957 7f8f99598f80                        Options.compaction_style: kCompactionStyleLevel
2022/04/16-16:49:16.547959 7f8f99598f80                          Options.compaction_pri: kMinOverlappingRatio
2022/04/16-16:49:16.547961 7f8f99598f80 Options.compaction_options_universal.size_ratio: 1
2022/04/16-16:49:16.547963 7f8f99598f80 Options.compaction_options_universal.min_merge_width: 2
2022/04/16-16:49:16.547965 7f8f99598f80 Options.compaction_options_universal.max_merge_width: 4294967295
2022/04/16-16:49:16.547966 7f8f99598f80 Options.compaction_options_universal.max_size_amplification_percent: 200
2022/04/16-16:49:16.547968 7f8f99598f80 Options.compaction_options_universal.compression_size_percent: -1
2022/04/16-16:49:16.547970 7f8f99598f80 Options.compaction_options_universal.stop_style: kCompactionStopStyleTotalSize
2022/04/16-16:49:16.547983 7f8f99598f80 Options.compaction_options_fifo.max_table_files_size: 1073741824
2022/04/16-16:49:16.547986 7f8f99598f80 Options.compaction_options_fifo.allow_compaction: 0
2022/04/16-16:49:16.547993 7f8f99598f80                   Options.table_properties_collectors: 
2022/04/16-16:49:16.547996 7f8f99598f80                   Options.inplace_update_support: 0
2022/04/16-16:49:16.547998 7f8f99598f80                 Options.inplace_update_num_locks: 10000
2022/04/16-16:49:16.547999 7f8f99598f80               Options.memtable_prefix_bloom_size_ratio: 0.000000
2022/04/16-16:49:16.548002 7f8f99598f80               Options.memtable_whole_key_filtering: 0
2022/04/16-16:49:16.548004 7f8f99598f80   Options.memtable_huge_page_size: 0
2022/04/16-16:49:16.548005 7f8f99598f80                           Options.bloom_locality: 0
2022/04/16-16:49:16.548007 7f8f99598f80                    Options.max_successive_merges: 0
2022/04/16-16:49:16.548009 7f8f99598f80                Options.optimize_filters_for_hits: 0
2022/04/16-16:49:16.548010 7f8f99598f80                Options.paranoid_file_checks: 0
2022/04/16-16:49:16.548012 7f8f99598f80                Options.force_consistency_checks: 0
2022/04/16-16:49:16.548014 7f8f99598f80                Options.report_bg_io_stats: 0
2022/04/16-16:49:16.548015 7f8f99598f80                               Options.ttl: 2592000
2022/04/16-16:49:16.548017 7f8f99598f80          Options.periodic_compaction_seconds: 2592000
2022/04/16-16:49:16.548071 7f8f99598f80 [db/column_family.cc:578] --------------- Options for column family [FZ]:
2022/04/16-16:49:16.548075 7f8f99598f80               Options.comparator: leveldb.BytewiseComparator
2022/04/16-16:49:16.548077 7f8f99598f80           Options.merge_operator: None
2022/04/16-16:49:16.548079 7f8f99598f80        Options.compaction_filter: filter_outdated
2022/04/16-16:49:16.548081 7f8f99598f80        Options.compaction_filter_factory: None
2022/04/16-16:49:16.548083 7f8f99598f80  Options.sst_partitioner_factory: None
2022/04/16-16:49:16.548085 7f8f99598f80         Options.memtable_factory: SkipListFactory
2022/04/16-16:49:16.548086 7f8f99598f80            Options.table_factory: BlockBasedTable
2022/04/16-16:49:16.548116 7f8f99598f80            table_factory options:   flush_block_policy_factory: FlushBlockBySizePolicyFactory (0x7f8f99090548)
  cache_index_and_filter_blocks: 0
  cache_index_and_filter_blocks_with_high_priority: 1
  pin_l0_filter_and_index_blocks_in_cache: 0
  pin_top_level_index_and_filter: 1
  index_type: 0
  data_block_index_type: 0
  index_shortening: 1
  data_block_hash_table_util_ratio: 0.750000
  hash_index_allow_collision: 1
  checksum: 1
  no_block_cache: 0
  block_cache: 0x7f8f99095490
  block_cache_name: LRUCache
  block_cache_options:
    capacity : 8388608
    num_shard_bits : 4
    strict_capacity_limit : 0
    memory_allocator : None
    high_pri_pool_ratio: 0.000
  block_cache_compressed: (nil)
  persistent_cache: (nil)
  block_size: 4096
  block_size_deviation: 10
  block_restart_interval: 16
  index_block_restart_interval: 1
  metadata_block_size: 4096
  partition_filters: 0
  use_delta_encoding: 1
  filter_policy: nullptr
  whole_key_filtering: 1
  verify_compression: 0
  read_amp_bytes_per_bit: 0
  format_version: 4
  enable_index_compression: 1
  block_align: 0
2022/04/16-16:49:16.548122 7f8f99598f80        Options.write_buffer_size: 67108864
2022/04/16-16:49:16.548125 7f8f99598f80  Options.max_write_buffer_number: 2
2022/04/16-16:49:16.548127 7f8f99598f80          Options.compression: NoCompression
2022/04/16-16:49:16.548128 7f8f99598f80                  Options.bottommost_compression: Disabled
2022/04/16-16:49:16.548130 7f8f99598f80       Options.prefix_extractor: nullptr
2022/04/16-16:49:16.548132 7f8f99598f80   Options.memtable_insert_with_hint_prefix_extractor: nullptr
2022/04/16-16:49:16.548133 7f8f99598f80             Options.num_levels: 7
2022/04/16-16:49:16.548135 7f8f99598f80        Options.min_write_buffer_number_to_merge: 1
2022/04/16-16:49:16.548137 7f8f99598f80     Options.max_write_buffer_number_to_maintain: 0
2022/04/16-16:49:16.548157 7f8f99598f80     Options.max_write_buffer_size_to_maintain: 0
2022/04/16-16:49:16.548160 7f8f99598f80            Options.bottommost_compression_opts.window_bits: -14
2022/04/16-16:49:16.548162 7f8f99598f80                  Options.bottommost_compression_opts.level: 32767
2022/04/16-16:49:16.548164 7f8f99598f80               Options.bottommost_compression_opts.strategy: 0
2022/04/16-16:49:16.548165 7f8f99598f80         Options.bottommost_compression_opts.max_dict_bytes: 0
2022/04/16-16:49:16.548167 7f8f99598f80         Options.bottommost_compression_opts.zstd_max_train_bytes: 0
2022/04/16-16:49:16.548169 7f8f99598f80         Options.bottommost_compression_opts.parallel_threads: 1
2022/04/16-16:49:16.548171 7f8f99598f80                  Options.bottommost_compression_opts.enabled: false
2022/04/16-16:49:16.548172 7f8f99598f80            Options.compression_opts.window_bits: -14
2022/04/16-16:49:16.548174 7f8f99598f80                  Options.compression_opts.level: 32767
2022/04/16-16:49:16.548176 7f8f99598f80               Options.compression_opts.strategy: 0
2022/04/16-16:49:16.548177 7f8f99598f80         Options.compression_opts.max_dict_bytes: 0
2022/04/16-16:49:16.548179 7f8f99598f80         Options.compression_opts.zstd_max_train_bytes: 0
2022/04/16-16:49:16.548180 7f8f99598f80         Options.compression_opts.parallel_threads: 1
2022/04/16-16:49:16.548182 7f8f99598f80                  Options.compression_opts.enabled: false
2022/04/16-16:49:16.548184 7f8f99598f80      Options.level0_file_num_compaction_trigger: 4
2022/04/16-16:49:16.548185 7f8f99598f80          Options.level0_slowdown_writes_trigger: 20
2022/04/16-16:49:16.548187 7f8f99598f80              Options.level0_stop_writes_trigger: 36
2022/04/16-16:49:16.548188 7f8f99598f80                   Options.target_file_size_base: 67108864
2022/04/16-16:49:16.548190 7f8f99598f80             Options.target_file_size_multiplier: 1
2022/04/16-16:49:16.548192 7f8f99598f80                Options.max_bytes_for_level_base: 268435456
2022/04/16-16:49:16.548193 7f8f99598f80 Options.level_compaction_dynamic_level_bytes: 0
2022/04/16-16:49:16.548195 7f8f99598f80          Options.max_bytes_for_level_multiplier: 10.000000
2022/04/16-16:49:16.548198 7f8f99598f80 Options.max_bytes_for_level_multiplier_addtl[0]: 1
2022/04/16-16:49:16.548200 7f8f99598f80 Options.max_bytes_for_level_multiplier_addtl[1]: 1
2022/04/16-16:49:16.548202 7f8f99598f80 Options.max_bytes_for_level_multiplier_addtl[2]: 1
2022/04/16-16:49:16.548204 7f8f99598f80 Options.max_bytes_for_level_multiplier_addtl[3]: 1
2022/04/16-16:49:16.548205 7f8f99598f80 Options.max_bytes_for_level_multiplier_addtl[4]: 1
2022/04/16-16:49:16.548207 7f8f99598f80 Options.max_bytes_for_level_multiplier_addtl[5]: 1
2022/04/16-16:49:16.548209 7f8f99598f80 Options.max_bytes_for_level_multiplier_addtl[6]: 1
2022/04/16-16:49:16.548210 7f8f99598f80       Options.max_sequential_skip_in_iterations: 8
2022/04/16-16:49:16.548212 7f8f99598f80                    Options.max_compaction_bytes: 1677721600
2022/04/16-16:49:16.548214 7f8f99598f80                        Options.arena_block_size: 8388608
2022/04/16-16:49:16.548215 7f8f99598f80   Options.soft_pending_compaction_bytes_limit: 68719476736
2022/04/16-16:49:16.548217 7f8f99598f80   Options.hard_pending_compaction_bytes_limit: 274877906944
2022/04/16-16:49:16.548219 7f8f99598f80       Options.rate_limit_delay_max_milliseconds: 100
2022/04/16-16:49:16.548220 7f8f99598f80                Options.disable_auto_compactions: 1
2022/04/16-16:49:16.548223 7f8f99598f80                        Options.compaction_style: kCompactionStyleLevel
2022/04/16-16:49:16.548224 7f8f99598f80                          Options.compaction_pri: kMinOverlappingRatio
2022/04/16-16:49:16.548226 7f8f99598f80 Options.compaction_options_universal.size_ratio: 1
2022/04/16-16:49:16.548228 7f8f99598f80 Options.compaction_options_universal.min_merge_width: 2
2022/04/16-16:49:16.548229 7f8f99598f80 Options.compaction_options_universal.max_merge_width: 4294967295
2022/04/16-16:49:16.548249 7f8f99598f80 Options.compaction_options_universal.max_size_amplification_percent: 200
2022/04/16-16:49:16.548252 7f8f99598f80 Options.compaction_options_universal.compression_size_percent: -1
2022/04/16-16:49:16.548254 7f8f99598f80 Options.compaction_options_universal.stop_style: kCompactionStopStyleTotalSize
2022/04/16-16:49:16.548256 7f8f99598f80 Options.compaction_options_fifo.max_table_files_size: 1073741824
2022/04/16-16:49:16.548257 7f8f99598f80 Options.compaction_options_fifo.allow_compaction: 0
2022/04/16-16:49:16.548261 7f8f99598f80                   Options.table_properties_collectors: 
2022/04/16-16:49:16.548263 7f8f99598f80                   Options.inplace_update_support: 0
2022/04/16-16:49:16.548264 7f8f99598f80                 Options.inplace_update_num_locks: 10000
2022/04/16-16:49:16.548266 7f8f99598f80               Options.memtable_prefix_bloom_size_ratio: 0.000000
2022/04/16-16:49:16.548268 7f8f99598f80               Options.memtable_whole_key_filtering: 0
2022/04/16-16:49:16.548270 7f8f99598f80   Options.memtable_huge_page_size: 0
2022/04/16-16:49:16.548272 7f8f99598f80                           Options.bloom_locality: 0
2022/04/16-16:49:16.548274 7f8f99598f80                    Options.max_successive_merges: 0
2022/04/16-16:49:16.548275 7f8f99598f80                Options.optimize_filters_for_hits: 0
2022/04/16-16:49:16.548277 7f8f99598f80                Options.paranoid_file_checks: 0
2022/04/16-16:49:16.548279 7f8f99598f80                Options.force_consistency_checks: 0
2022/04/16-16:49:16.548280 7f8f99598f80                Options.report_bg_io_stats: 0
2022/04/16-16:49:16.548282 7f8f99598f80                               Options.ttl: 2592000
2022/04/16-16:49:16.548283 7f8f99598f80          Options.periodic_compaction_seconds: 2592000
2022/04/16-16:49:16.548321 7f8f99598f80 [db/column_family.cc:578] --------------- Options for column family [NZ]:
2022/04/16-16:49:16.548325 7f8f99598f80               Options.comparator: leveldb.BytewiseComparator
2022/04/16-16:49:16.548327 7f8f99598f80           Options.merge_operator: None
2022/04/16-16:49:16.548329 7f8f99598f80        Options.compaction_filter: filter_outdated
2022/04/16-16:49:16.548331 7f8f99598f80        Options.compaction_filter_factory: None
2022/04/16-16:49:16.548333 7f8f99598f80  Options.sst_partitioner_factory: None
2022/04/16-16:49:16.548334 7f8f99598f80         Options.memtable_factory: SkipListFactory
2022/04/16-16:49:16.548336 7f8f99598f80            Options.table_factory: BlockBasedTable
2022/04/16-16:49:16.548357 7f8f99598f80            table_factory options:   flush_block_policy_factory: FlushBlockBySizePolicyFactory (0x7f8f99090560)
  cache_index_and_filter_blocks: 0
  cache_index_and_filter_blocks_with_high_priority: 1
  pin_l0_filter_and_index_blocks_in_cache: 0
  pin_top_level_index_and_filter: 1
  index_type: 0
  data_block_index_type: 0
  index_shortening: 1
  data_block_hash_table_util_ratio: 0.750000
  hash_index_allow_collision: 1
  checksum: 1
  no_block_cache: 0
  block_cache: 0x7f8f99095d10
  block_cache_name: LRUCache
  block_cache_options:
    capacity : 8388608
    num_shard_bits : 4
    strict_capacity_limit : 0
    memory_allocator : None
    high_pri_pool_ratio: 0.000
  block_cache_compressed: (nil)
  persistent_cache: (nil)
  block_size: 4096
  block_size_deviation: 10
  block_restart_interval: 16
  index_block_restart_interval: 1
  metadata_block_size: 4096
  partition_filters: 0
  use_delta_encoding: 1
  filter_policy: nullptr
  whole_key_filtering: 1
  verify_compression: 0
  read_amp_bytes_per_bit: 0
  format_version: 4
  enable_index_compression: 1
  block_align: 0
2022/04/16-16:49:16.548361 7f8f99598f80        Options.write_buffer_size: 67108864
2022/04/16-16:49:16.548363 7f8f99598f80  Options.max_write_buffer_number: 2
2022/04/16-16:49:16.548365 7f8f99598f80          Options.compression: NoCompression
2022/04/16-16:49:16.548366 7f8f99598f80                  Options.bottommost_compression: Disabled
2022/04/16-16:49:16.548368 7f8f99598f80       Options.prefix_extractor: nullptr
2022/04/16-16:49:16.548386 7f8f99598f80   Options.memtable_insert_with_hint_prefix_extractor: nullptr
2022/04/16-16:49:16.548389 7f8f99598f80             Options.num_levels: 7
2022/04/16-16:49:16.548391 7f8f99598f80        Options.min_write_buffer_number_to_merge: 1
2022/04/16-16:49:16.548393 7f8f99598f80     Options.max_write_buffer_number_to_maintain: 0
2022/04/16-16:49:16.548394 7f8f99598f80     Options.max_write_buffer_size_to_maintain: 0
2022/04/16-16:49:16.548396 7f8f99598f80            Options.bottommost_compression_opts.window_bits: -14
2022/04/16-16:49:16.548398 7f8f99598f80                  Options.bottommost_compression_opts.level: 32767
2022/04/16-16:49:16.548399 7f8f99598f80               Options.bottommost_compression_opts.strategy: 0
2022/04/16-16:49:16.548401 7f8f99598f80         Options.bottommost_compression_opts.max_dict_bytes: 0
2022/04/16-16:49:16.548402 7f8f99598f80         Options.bottommost_compression_opts.zstd_max_train_bytes: 0
2022/04/16-16:49:16.548404 7f8f99598f80         Options.bottommost_compression_opts.parallel_threads: 1
2022/04/16-16:49:16.548406 7f8f99598f80                  Options.bottommost_compression_opts.enabled: false
2022/04/16-16:49:16.548407 7f8f99598f80            Options.compression_opts.window_bits: -14
2022/04/16-16:49:16.548409 7f8f99598f80                  Options.compression_opts.level: 32767
2022/04/16-16:49:16.548411 7f8f99598f80               Options.compression_opts.strategy: 0
2022/04/16-16:49:16.548412 7f8f99598f80         Options.compression_opts.max_dict_bytes: 0
2022/04/16-16:49:16.548414 7f8f99598f80         Options.compression_opts.zstd_max_train_bytes: 0
2022/04/16-16:49:16.548416 7f8f99598f80         Options.compression_opts.parallel_threads: 1
2022/04/16-16:49:16.548417 7f8f99598f80                  Options.compression_opts.enabled: false
2022/04/16-16:49:16.548419 7f8f99598f80      Options.level0_file_num_compaction_trigger: 4
2022/04/16-16:49:16.548420 7f8f99598f80          Options.level0_slowdown_writes_trigger: 20
2022/04/16-16:49:16.548422 7f8f99598f80              Options.level0_stop_writes_trigger: 36
2022/04/16-16:49:16.548424 7f8f99598f80                   Options.target_file_size_base: 67108864
2022/04/16-16:49:16.548425 7f8f99598f80             Options.target_file_size_multiplier: 1
2022/04/16-16:49:16.548427 7f8f99598f80                Options.max_bytes_for_level_base: 268435456
2022/04/16-16:49:16.548429 7f8f99598f80 Options.level_compaction_dynamic_level_bytes: 0
2022/04/16-16:49:16.548430 7f8f99598f80          Options.max_bytes_for_level_multiplier: 10.000000
2022/04/16-16:49:16.548433 7f8f99598f80 Options.max_bytes_for_level_multiplier_addtl[0]: 1
2022/04/16-16:49:16.548435 7f8f99598f80 Options.max_bytes_for_level_multiplier_addtl[1]: 1
2022/04/16-16:49:16.548437 7f8f99598f80 Options.max_bytes_for_level_multiplier_addtl[2]: 1
2022/04/16-16:49:16.548439 7f8f99598f80 Options.max_bytes_for_level_multiplier_addtl[3]: 1
