2022/04/09-18:15:51.906472 7fab11fb4f80 RocksDB version: 6.12.7
2022/04/09-18:15:51.906598 7fab11fb4f80 Git sha rocksdb_build_git_sha:@0@
2022/04/09-18:15:51.906609 7fab11fb4f80 Compile date Jan  1 1980
2022/04/09-18:15:51.906702 7fab11fb4f80 DB SUMMARY
2022/04/09-18:15:51.906709 7fab11fb4f80 DB Session ID:  JUZ0LFIY8VBYHUCN2XJZ
2022/04/09-18:15:51.906758 7fab11fb4f80 SST files in /home/ritik/education/.dfx/state/replicated_state/node-100/ic_consensus_pool/consensus dir, Total Num: 0, files: 
2022/04/09-18:15:51.906764 7fab11fb4f80 Write Ahead Log file in /home/ritik/education/.dfx/state/replicated_state/node-100/ic_consensus_pool/consensus: 
2022/04/09-18:15:51.906767 7fab11fb4f80                         Options.error_if_exists: 0
2022/04/09-18:15:51.906770 7fab11fb4f80                       Options.create_if_missing: 1
2022/04/09-18:15:51.906772 7fab11fb4f80                         Options.paranoid_checks: 1
2022/04/09-18:15:51.906774 7fab11fb4f80                                     Options.env: 0x56320ad6b8e0
2022/04/09-18:15:51.906777 7fab11fb4f80                                      Options.fs: Posix File System
2022/04/09-18:15:51.906779 7fab11fb4f80                                Options.info_log: 0x7fab11a5e990
2022/04/09-18:15:51.906781 7fab11fb4f80                Options.max_file_opening_threads: 16
2022/04/09-18:15:51.906784 7fab11fb4f80                              Options.statistics: (nil)
2022/04/09-18:15:51.906802 7fab11fb4f80                               Options.use_fsync: 1
2022/04/09-18:15:51.906809 7fab11fb4f80                       Options.max_log_file_size: 0
2022/04/09-18:15:51.906814 7fab11fb4f80                  Options.max_manifest_file_size: 1073741824
2022/04/09-18:15:51.906819 7fab11fb4f80                   Options.log_file_time_to_roll: 0
2022/04/09-18:15:51.906823 7fab11fb4f80                       Options.keep_log_file_num: 1000
2022/04/09-18:15:51.906828 7fab11fb4f80                    Options.recycle_log_file_num: 0
2022/04/09-18:15:51.906835 7fab11fb4f80                         Options.allow_fallocate: 1
2022/04/09-18:15:51.906839 7fab11fb4f80                        Options.allow_mmap_reads: 0
2022/04/09-18:15:51.906841 7fab11fb4f80                       Options.allow_mmap_writes: 0
2022/04/09-18:15:51.906843 7fab11fb4f80                        Options.use_direct_reads: 0
2022/04/09-18:15:51.906845 7fab11fb4f80                        Options.use_direct_io_for_flush_and_compaction: 0
2022/04/09-18:15:51.906847 7fab11fb4f80          Options.create_missing_column_families: 1
2022/04/09-18:15:51.906849 7fab11fb4f80                              Options.db_log_dir: 
2022/04/09-18:15:51.906852 7fab11fb4f80                                 Options.wal_dir: /home/ritik/education/.dfx/state/replicated_state/node-100/ic_consensus_pool/consensus
2022/04/09-18:15:51.906854 7fab11fb4f80                Options.table_cache_numshardbits: 6
2022/04/09-18:15:51.906856 7fab11fb4f80                         Options.WAL_ttl_seconds: 0
2022/04/09-18:15:51.906858 7fab11fb4f80                       Options.WAL_size_limit_MB: 0
2022/04/09-18:15:51.906860 7fab11fb4f80                        Options.max_write_batch_group_size_bytes: 1048576
2022/04/09-18:15:51.906863 7fab11fb4f80             Options.manifest_preallocation_size: 4194304
2022/04/09-18:15:51.906865 7fab11fb4f80                     Options.is_fd_close_on_exec: 1
2022/04/09-18:15:51.906867 7fab11fb4f80                   Options.advise_random_on_open: 1
2022/04/09-18:15:51.906869 7fab11fb4f80                    Options.db_write_buffer_size: 0
2022/04/09-18:15:51.906871 7fab11fb4f80                    Options.write_buffer_manager: 0x7fab0fd6bc60
2022/04/09-18:15:51.906873 7fab11fb4f80         Options.access_hint_on_compaction_start: 1
2022/04/09-18:15:51.906875 7fab11fb4f80  Options.new_table_reader_for_compaction_inputs: 0
2022/04/09-18:15:51.906877 7fab11fb4f80           Options.random_access_max_buffer_size: 1048576
2022/04/09-18:15:51.906879 7fab11fb4f80                      Options.use_adaptive_mutex: 0
2022/04/09-18:15:51.906881 7fab11fb4f80                            Options.rate_limiter: (nil)
2022/04/09-18:15:51.906884 7fab11fb4f80     Options.sst_file_manager.rate_bytes_per_sec: 0
2022/04/09-18:15:51.906915 7fab11fb4f80                       Options.wal_recovery_mode: 2
2022/04/09-18:15:51.906922 7fab11fb4f80                  Options.enable_thread_tracking: 0
2022/04/09-18:15:51.906927 7fab11fb4f80                  Options.enable_pipelined_write: 0
2022/04/09-18:15:51.906932 7fab11fb4f80                  Options.unordered_write: 0
2022/04/09-18:15:51.906936 7fab11fb4f80         Options.allow_concurrent_memtable_write: 1
2022/04/09-18:15:51.906941 7fab11fb4f80      Options.enable_write_thread_adaptive_yield: 1
2022/04/09-18:15:51.906946 7fab11fb4f80             Options.write_thread_max_yield_usec: 100
2022/04/09-18:15:51.906951 7fab11fb4f80            Options.write_thread_slow_yield_usec: 3
2022/04/09-18:15:51.906956 7fab11fb4f80                               Options.row_cache: None
2022/04/09-18:15:51.906960 7fab11fb4f80                              Options.wal_filter: None
2022/04/09-18:15:51.906965 7fab11fb4f80             Options.avoid_flush_during_recovery: 0
2022/04/09-18:15:51.906968 7fab11fb4f80             Options.allow_ingest_behind: 0
2022/04/09-18:15:51.906970 7fab11fb4f80             Options.preserve_deletes: 0
2022/04/09-18:15:51.906972 7fab11fb4f80             Options.two_write_queues: 0
2022/04/09-18:15:51.906974 7fab11fb4f80             Options.manual_wal_flush: 0
2022/04/09-18:15:51.906976 7fab11fb4f80             Options.atomic_flush: 0
2022/04/09-18:15:51.906978 7fab11fb4f80             Options.avoid_unnecessary_blocking_io: 0
2022/04/09-18:15:51.906980 7fab11fb4f80                 Options.persist_stats_to_disk: 0
2022/04/09-18:15:51.906982 7fab11fb4f80                 Options.write_dbid_to_manifest: 0
2022/04/09-18:15:51.906985 7fab11fb4f80                 Options.log_readahead_size: 0
2022/04/09-18:15:51.906987 7fab11fb4f80                 Options.file_checksum_gen_factory: Unknown
2022/04/09-18:15:51.906989 7fab11fb4f80                 Options.best_efforts_recovery: 0
2022/04/09-18:15:51.906991 7fab11fb4f80                Options.max_bgerror_resume_count: 2147483647
2022/04/09-18:15:51.906993 7fab11fb4f80            Options.bgerror_resume_retry_interval: 1000000
2022/04/09-18:15:51.906996 7fab11fb4f80             Options.max_background_jobs: 2
2022/04/09-18:15:51.906998 7fab11fb4f80             Options.max_background_compactions: -1
2022/04/09-18:15:51.907000 7fab11fb4f80             Options.max_subcompactions: 1
2022/04/09-18:15:51.907002 7fab11fb4f80             Options.avoid_flush_during_shutdown: 0
2022/04/09-18:15:51.907004 7fab11fb4f80           Options.writable_file_max_buffer_size: 1048576
2022/04/09-18:15:51.907006 7fab11fb4f80             Options.delayed_write_rate : 16777216
2022/04/09-18:15:51.907009 7fab11fb4f80             Options.max_total_wal_size: 0
2022/04/09-18:15:51.907011 7fab11fb4f80             Options.delete_obsolete_files_period_micros: 21600000000
2022/04/09-18:15:51.907013 7fab11fb4f80                   Options.stats_dump_period_sec: 600
2022/04/09-18:15:51.907015 7fab11fb4f80                 Options.stats_persist_period_sec: 600
2022/04/09-18:15:51.907017 7fab11fb4f80                 Options.stats_history_buffer_size: 1048576
2022/04/09-18:15:51.907019 7fab11fb4f80                          Options.max_open_files: -1
2022/04/09-18:15:51.907021 7fab11fb4f80                          Options.bytes_per_sync: 0
2022/04/09-18:15:51.907023 7fab11fb4f80                      Options.wal_bytes_per_sync: 0
2022/04/09-18:15:51.907025 7fab11fb4f80                   Options.strict_bytes_per_sync: 0
2022/04/09-18:15:51.907027 7fab11fb4f80       Options.compaction_readahead_size: 0
2022/04/09-18:15:51.907029 7fab11fb4f80                  Options.max_background_flushes: -1
2022/04/09-18:15:51.907031 7fab11fb4f80 Compression algorithms supported:
2022/04/09-18:15:51.907034 7fab11fb4f80 	kZSTDNotFinalCompression supported: 1
2022/04/09-18:15:51.907044 7fab11fb4f80 	kZSTD supported: 1
2022/04/09-18:15:51.907047 7fab11fb4f80 	kXpressCompression supported: 0
2022/04/09-18:15:51.907050 7fab11fb4f80 	kLZ4HCCompression supported: 1
2022/04/09-18:15:51.907073 7fab11fb4f80 	kLZ4Compression supported: 1
2022/04/09-18:15:51.907080 7fab11fb4f80 	kBZip2Compression supported: 1
2022/04/09-18:15:51.907086 7fab11fb4f80 	kZlibCompression supported: 1
2022/04/09-18:15:51.907090 7fab11fb4f80 	kSnappyCompression supported: 1
2022/04/09-18:15:51.907098 7fab11fb4f80 Fast CRC32 supported: Supported on x86
2022/04/09-18:15:51.970890 7fab11fb4f80 [db/db_impl/db_impl_open.cc:271] Creating manifest 1 
2022/04/09-18:15:52.116652 7fab11fb4f80 [db/version_set.cc:4559] Recovering from manifest file: /home/ritik/education/.dfx/state/replicated_state/node-100/ic_consensus_pool/consensus/MANIFEST-000001
2022/04/09-18:15:52.117076 7fab11fb4f80 [db/column_family.cc:578] --------------- Options for column family [default]:
2022/04/09-18:15:52.117091 7fab11fb4f80               Options.comparator: leveldb.BytewiseComparator
2022/04/09-18:15:52.117098 7fab11fb4f80           Options.merge_operator: None
2022/04/09-18:15:52.117103 7fab11fb4f80        Options.compaction_filter: None
2022/04/09-18:15:52.117108 7fab11fb4f80        Options.compaction_filter_factory: None
2022/04/09-18:15:52.117113 7fab11fb4f80  Options.sst_partitioner_factory: None
2022/04/09-18:15:52.117117 7fab11fb4f80         Options.memtable_factory: SkipListFactory
2022/04/09-18:15:52.117122 7fab11fb4f80            Options.table_factory: BlockBasedTable
2022/04/09-18:15:52.117224 7fab11fb4f80            table_factory options:   flush_block_policy_factory: FlushBlockBySizePolicyFactory (0x7fab0fd674e0)
  cache_index_and_filter_blocks: 0
  cache_index_and_filter_blocks_with_high_priority: 1
  pin_l0_filter_and_index_blocks_in_cache: 0
  pin_top_level_index_and_filter: 1
  index_type: 0
  data_block_index_type: 0
  index_shortening: 1
  data_block_hash_table_util_ratio: 0.750000
  hash_index_allow_collision: 1
  checksum: 1
  no_block_cache: 0
  block_cache: 0x7fab0fdc9d10
  block_cache_name: LRUCache
  block_cache_options:
    capacity : 8388608
    num_shard_bits : 4
    strict_capacity_limit : 0
    memory_allocator : None
    high_pri_pool_ratio: 0.000
  block_cache_compressed: (nil)
  persistent_cache: (nil)
  block_size: 4096
  block_size_deviation: 10
  block_restart_interval: 16
  index_block_restart_interval: 1
  metadata_block_size: 4096
  partition_filters: 0
  use_delta_encoding: 1
  filter_policy: nullptr
  whole_key_filtering: 1
  verify_compression: 0
  read_amp_bytes_per_bit: 0
  format_version: 4
  enable_index_compression: 1
  block_align: 0
2022/04/09-18:15:52.117251 7fab11fb4f80        Options.write_buffer_size: 67108864
2022/04/09-18:15:52.117258 7fab11fb4f80  Options.max_write_buffer_number: 2
2022/04/09-18:15:52.117264 7fab11fb4f80          Options.compression: Snappy
2022/04/09-18:15:52.117269 7fab11fb4f80                  Options.bottommost_compression: Disabled
2022/04/09-18:15:52.117274 7fab11fb4f80       Options.prefix_extractor: nullptr
2022/04/09-18:15:52.117278 7fab11fb4f80   Options.memtable_insert_with_hint_prefix_extractor: nullptr
2022/04/09-18:15:52.117283 7fab11fb4f80             Options.num_levels: 7
2022/04/09-18:15:52.117287 7fab11fb4f80        Options.min_write_buffer_number_to_merge: 1
2022/04/09-18:15:52.117292 7fab11fb4f80     Options.max_write_buffer_number_to_maintain: 0
2022/04/09-18:15:52.117297 7fab11fb4f80     Options.max_write_buffer_size_to_maintain: 0
2022/04/09-18:15:52.117301 7fab11fb4f80            Options.bottommost_compression_opts.window_bits: -14
2022/04/09-18:15:52.117306 7fab11fb4f80                  Options.bottommost_compression_opts.level: 32767
2022/04/09-18:15:52.117311 7fab11fb4f80               Options.bottommost_compression_opts.strategy: 0
2022/04/09-18:15:52.117315 7fab11fb4f80         Options.bottommost_compression_opts.max_dict_bytes: 0
2022/04/09-18:15:52.117319 7fab11fb4f80         Options.bottommost_compression_opts.zstd_max_train_bytes: 0
2022/04/09-18:15:52.117324 7fab11fb4f80         Options.bottommost_compression_opts.parallel_threads: 1
2022/04/09-18:15:52.117328 7fab11fb4f80                  Options.bottommost_compression_opts.enabled: false
2022/04/09-18:15:52.117415 7fab11fb4f80            Options.compression_opts.window_bits: -14
2022/04/09-18:15:52.117424 7fab11fb4f80                  Options.compression_opts.level: 32767
2022/04/09-18:15:52.117429 7fab11fb4f80               Options.compression_opts.strategy: 0
2022/04/09-18:15:52.117433 7fab11fb4f80         Options.compression_opts.max_dict_bytes: 0
2022/04/09-18:15:52.117438 7fab11fb4f80         Options.compression_opts.zstd_max_train_bytes: 0
2022/04/09-18:15:52.117442 7fab11fb4f80         Options.compression_opts.parallel_threads: 1
2022/04/09-18:15:52.117446 7fab11fb4f80                  Options.compression_opts.enabled: false
2022/04/09-18:15:52.117451 7fab11fb4f80      Options.level0_file_num_compaction_trigger: 4
2022/04/09-18:15:52.117455 7fab11fb4f80          Options.level0_slowdown_writes_trigger: 20
2022/04/09-18:15:52.117460 7fab11fb4f80              Options.level0_stop_writes_trigger: 36
2022/04/09-18:15:52.117464 7fab11fb4f80                   Options.target_file_size_base: 67108864
2022/04/09-18:15:52.117469 7fab11fb4f80             Options.target_file_size_multiplier: 1
2022/04/09-18:15:52.117473 7fab11fb4f80                Options.max_bytes_for_level_base: 268435456
2022/04/09-18:15:52.117478 7fab11fb4f80 Options.level_compaction_dynamic_level_bytes: 0
2022/04/09-18:15:52.117482 7fab11fb4f80          Options.max_bytes_for_level_multiplier: 10.000000
2022/04/09-18:15:52.117492 7fab11fb4f80 Options.max_bytes_for_level_multiplier_addtl[0]: 1
2022/04/09-18:15:52.117498 7fab11fb4f80 Options.max_bytes_for_level_multiplier_addtl[1]: 1
2022/04/09-18:15:52.117503 7fab11fb4f80 Options.max_bytes_for_level_multiplier_addtl[2]: 1
2022/04/09-18:15:52.117507 7fab11fb4f80 Options.max_bytes_for_level_multiplier_addtl[3]: 1
2022/04/09-18:15:52.117512 7fab11fb4f80 Options.max_bytes_for_level_multiplier_addtl[4]: 1
2022/04/09-18:15:52.117516 7fab11fb4f80 Options.max_bytes_for_level_multiplier_addtl[5]: 1
2022/04/09-18:15:52.117521 7fab11fb4f80 Options.max_bytes_for_level_multiplier_addtl[6]: 1
2022/04/09-18:15:52.117525 7fab11fb4f80       Options.max_sequential_skip_in_iterations: 8
2022/04/09-18:15:52.117530 7fab11fb4f80                    Options.max_compaction_bytes: 1677721600
2022/04/09-18:15:52.117534 7fab11fb4f80                        Options.arena_block_size: 8388608
2022/04/09-18:15:52.117539 7fab11fb4f80   Options.soft_pending_compaction_bytes_limit: 68719476736
2022/04/09-18:15:52.117544 7fab11fb4f80   Options.hard_pending_compaction_bytes_limit: 274877906944
2022/04/09-18:15:52.117548 7fab11fb4f80       Options.rate_limit_delay_max_milliseconds: 100
2022/04/09-18:15:52.117553 7fab11fb4f80                Options.disable_auto_compactions: 0
2022/04/09-18:15:52.117559 7fab11fb4f80                        Options.compaction_style: kCompactionStyleLevel
2022/04/09-18:15:52.117564 7fab11fb4f80                          Options.compaction_pri: kMinOverlappingRatio
2022/04/09-18:15:52.117569 7fab11fb4f80 Options.compaction_options_universal.size_ratio: 1
2022/04/09-18:15:52.117573 7fab11fb4f80 Options.compaction_options_universal.min_merge_width: 2
2022/04/09-18:15:52.117578 7fab11fb4f80 Options.compaction_options_universal.max_merge_width: 4294967295
2022/04/09-18:15:52.117582 7fab11fb4f80 Options.compaction_options_universal.max_size_amplification_percent: 200
2022/04/09-18:15:52.117587 7fab11fb4f80 Options.compaction_options_universal.compression_size_percent: -1
2022/04/09-18:15:52.117592 7fab11fb4f80 Options.compaction_options_universal.stop_style: kCompactionStopStyleTotalSize
2022/04/09-18:15:52.117596 7fab11fb4f80 Options.compaction_options_fifo.max_table_files_size: 1073741824
2022/04/09-18:15:52.117601 7fab11fb4f80 Options.compaction_options_fifo.allow_compaction: 0
2022/04/09-18:15:52.117617 7fab11fb4f80                   Options.table_properties_collectors: 
2022/04/09-18:15:52.117619 7fab11fb4f80                   Options.inplace_update_support: 0
2022/04/09-18:15:52.117620 7fab11fb4f80                 Options.inplace_update_num_locks: 10000
2022/04/09-18:15:52.117621 7fab11fb4f80               Options.memtable_prefix_bloom_size_ratio: 0.000000
2022/04/09-18:15:52.117663 7fab11fb4f80               Options.memtable_whole_key_filtering: 0
2022/04/09-18:15:52.117673 7fab11fb4f80   Options.memtable_huge_page_size: 0
2022/04/09-18:15:52.117678 7fab11fb4f80                           Options.bloom_locality: 0
2022/04/09-18:15:52.117682 7fab11fb4f80                    Options.max_successive_merges: 0
2022/04/09-18:15:52.117687 7fab11fb4f80                Options.optimize_filters_for_hits: 0
2022/04/09-18:15:52.117691 7fab11fb4f80                Options.paranoid_file_checks: 0
2022/04/09-18:15:52.117696 7fab11fb4f80                Options.force_consistency_checks: 0
2022/04/09-18:15:52.117700 7fab11fb4f80                Options.report_bg_io_stats: 0
2022/04/09-18:15:52.117704 7fab11fb4f80                               Options.ttl: 2592000
2022/04/09-18:15:52.117709 7fab11fb4f80          Options.periodic_compaction_seconds: 0
2022/04/09-18:15:52.119573 7fab11fb4f80 [db/version_set.cc:4708] Recovered from manifest file:/home/ritik/education/.dfx/state/replicated_state/node-100/ic_consensus_pool/consensus/MANIFEST-000001 succeeded,manifest_file_number is 1, next_file_number is 3, last_sequence is 0, log_number is 0,prev_log_number is 0,max_column_family is 0,min_log_number_to_keep is 0
2022/04/09-18:15:52.119597 7fab11fb4f80 [db/version_set.cc:4724] Column family [default] (ID 0), log number is 0
2022/04/09-18:15:52.120037 7fab11fb4f80 [db/version_set.cc:3949] Creating manifest 4
2022/04/09-18:15:52.240336 7fab11fb4f80 [db/column_family.cc:578] --------------- Options for column family [RB]:
2022/04/09-18:15:52.240367 7fab11fb4f80               Options.comparator: leveldb.BytewiseComparator
2022/04/09-18:15:52.240375 7fab11fb4f80           Options.merge_operator: None
2022/04/09-18:15:52.240381 7fab11fb4f80        Options.compaction_filter: filter_outdated
2022/04/09-18:15:52.240386 7fab11fb4f80        Options.compaction_filter_factory: None
2022/04/09-18:15:52.240391 7fab11fb4f80  Options.sst_partitioner_factory: None
2022/04/09-18:15:52.240396 7fab11fb4f80         Options.memtable_factory: SkipListFactory
2022/04/09-18:15:52.240400 7fab11fb4f80            Options.table_factory: BlockBasedTable
2022/04/09-18:15:52.240477 7fab11fb4f80            table_factory options:   flush_block_policy_factory: FlushBlockBySizePolicyFactory (0x7fab0fd673b8)
  cache_index_and_filter_blocks: 0
  cache_index_and_filter_blocks_with_high_priority: 1
  pin_l0_filter_and_index_blocks_in_cache: 0
  pin_top_level_index_and_filter: 1
  index_type: 0
  data_block_index_type: 0
  index_shortening: 1
  data_block_hash_table_util_ratio: 0.750000
  hash_index_allow_collision: 1
  checksum: 1
  no_block_cache: 0
  block_cache: 0x7fab0fdb4710
  block_cache_name: LRUCache
  block_cache_options:
    capacity : 8388608
    num_shard_bits : 4
    strict_capacity_limit : 0
    memory_allocator : None
    high_pri_pool_ratio: 0.000
  block_cache_compressed: (nil)
  persistent_cache: (nil)
  block_size: 4096
  block_size_deviation: 10
  block_restart_interval: 16
  index_block_restart_interval: 1
  metadata_block_size: 4096
  partition_filters: 0
  use_delta_encoding: 1
  filter_policy: nullptr
  whole_key_filtering: 1
  verify_compression: 0
  read_amp_bytes_per_bit: 0
  format_version: 4
  enable_index_compression: 1
  block_align: 0
2022/04/09-18:15:52.240497 7fab11fb4f80        Options.write_buffer_size: 67108864
2022/04/09-18:15:52.240504 7fab11fb4f80  Options.max_write_buffer_number: 2
2022/04/09-18:15:52.240510 7fab11fb4f80          Options.compression: NoCompression
2022/04/09-18:15:52.240514 7fab11fb4f80                  Options.bottommost_compression: Disabled
2022/04/09-18:15:52.240519 7fab11fb4f80       Options.prefix_extractor: nullptr
2022/04/09-18:15:52.240524 7fab11fb4f80   Options.memtable_insert_with_hint_prefix_extractor: nullptr
2022/04/09-18:15:52.240528 7fab11fb4f80             Options.num_levels: 7
2022/04/09-18:15:52.240533 7fab11fb4f80        Options.min_write_buffer_number_to_merge: 1
2022/04/09-18:15:52.240537 7fab11fb4f80     Options.max_write_buffer_number_to_maintain: 0
2022/04/09-18:15:52.240542 7fab11fb4f80     Options.max_write_buffer_size_to_maintain: 0
2022/04/09-18:15:52.240546 7fab11fb4f80            Options.bottommost_compression_opts.window_bits: -14
2022/04/09-18:15:52.240551 7fab11fb4f80                  Options.bottommost_compression_opts.level: 32767
2022/04/09-18:15:52.240556 7fab11fb4f80               Options.bottommost_compression_opts.strategy: 0
2022/04/09-18:15:52.240561 7fab11fb4f80         Options.bottommost_compression_opts.max_dict_bytes: 0
2022/04/09-18:15:52.240565 7fab11fb4f80         Options.bottommost_compression_opts.zstd_max_train_bytes: 0
2022/04/09-18:15:52.240570 7fab11fb4f80         Options.bottommost_compression_opts.parallel_threads: 1
2022/04/09-18:15:52.240574 7fab11fb4f80                  Options.bottommost_compression_opts.enabled: false
2022/04/09-18:15:52.240579 7fab11fb4f80            Options.compression_opts.window_bits: -14
2022/04/09-18:15:52.240583 7fab11fb4f80                  Options.compression_opts.level: 32767
2022/04/09-18:15:52.240588 7fab11fb4f80               Options.compression_opts.strategy: 0
2022/04/09-18:15:52.240592 7fab11fb4f80         Options.compression_opts.max_dict_bytes: 0
2022/04/09-18:15:52.240597 7fab11fb4f80         Options.compression_opts.zstd_max_train_bytes: 0
2022/04/09-18:15:52.240601 7fab11fb4f80         Options.compression_opts.parallel_threads: 1
2022/04/09-18:15:52.240605 7fab11fb4f80                  Options.compression_opts.enabled: false
2022/04/09-18:15:52.240665 7fab11fb4f80      Options.level0_file_num_compaction_trigger: 4
2022/04/09-18:15:52.240674 7fab11fb4f80          Options.level0_slowdown_writes_trigger: 20
2022/04/09-18:15:52.240679 7fab11fb4f80              Options.level0_stop_writes_trigger: 36
2022/04/09-18:15:52.240684 7fab11fb4f80                   Options.target_file_size_base: 67108864
2022/04/09-18:15:52.240689 7fab11fb4f80             Options.target_file_size_multiplier: 1
2022/04/09-18:15:52.240693 7fab11fb4f80                Options.max_bytes_for_level_base: 268435456
2022/04/09-18:15:52.240698 7fab11fb4f80 Options.level_compaction_dynamic_level_bytes: 0
2022/04/09-18:15:52.240702 7fab11fb4f80          Options.max_bytes_for_level_multiplier: 10.000000
2022/04/09-18:15:52.240712 7fab11fb4f80 Options.max_bytes_for_level_multiplier_addtl[0]: 1
2022/04/09-18:15:52.240718 7fab11fb4f80 Options.max_bytes_for_level_multiplier_addtl[1]: 1
2022/04/09-18:15:52.240723 7fab11fb4f80 Options.max_bytes_for_level_multiplier_addtl[2]: 1
2022/04/09-18:15:52.240728 7fab11fb4f80 Options.max_bytes_for_level_multiplier_addtl[3]: 1
2022/04/09-18:15:52.240732 7fab11fb4f80 Options.max_bytes_for_level_multiplier_addtl[4]: 1
2022/04/09-18:15:52.240737 7fab11fb4f80 Options.max_bytes_for_level_multiplier_addtl[5]: 1
2022/04/09-18:15:52.240741 7fab11fb4f80 Options.max_bytes_for_level_multiplier_addtl[6]: 1
2022/04/09-18:15:52.240746 7fab11fb4f80       Options.max_sequential_skip_in_iterations: 8
2022/04/09-18:15:52.240750 7fab11fb4f80                    Options.max_compaction_bytes: 1677721600
2022/04/09-18:15:52.240755 7fab11fb4f80                        Options.arena_block_size: 8388608
2022/04/09-18:15:52.240759 7fab11fb4f80   Options.soft_pending_compaction_bytes_limit: 68719476736
2022/04/09-18:15:52.240764 7fab11fb4f80   Options.hard_pending_compaction_bytes_limit: 274877906944
2022/04/09-18:15:52.240768 7fab11fb4f80       Options.rate_limit_delay_max_milliseconds: 100
2022/04/09-18:15:52.240773 7fab11fb4f80                Options.disable_auto_compactions: 1
2022/04/09-18:15:52.240779 7fab11fb4f80                        Options.compaction_style: kCompactionStyleLevel
2022/04/09-18:15:52.240784 7fab11fb4f80                          Options.compaction_pri: kMinOverlappingRatio
2022/04/09-18:15:52.240789 7fab11fb4f80 Options.compaction_options_universal.size_ratio: 1
2022/04/09-18:15:52.240794 7fab11fb4f80 Options.compaction_options_universal.min_merge_width: 2
2022/04/09-18:15:52.240798 7fab11fb4f80 Options.compaction_options_universal.max_merge_width: 4294967295
2022/04/09-18:15:52.240803 7fab11fb4f80 Options.compaction_options_universal.max_size_amplification_percent: 200
2022/04/09-18:15:52.240807 7fab11fb4f80 Options.compaction_options_universal.compression_size_percent: -1
2022/04/09-18:15:52.240812 7fab11fb4f80 Options.compaction_options_universal.stop_style: kCompactionStopStyleTotalSize
2022/04/09-18:15:52.240817 7fab11fb4f80 Options.compaction_options_fifo.max_table_files_size: 1073741824
2022/04/09-18:15:52.240822 7fab11fb4f80 Options.compaction_options_fifo.allow_compaction: 0
2022/04/09-18:15:52.240835 7fab11fb4f80                   Options.table_properties_collectors: 
2022/04/09-18:15:52.240841 7fab11fb4f80                   Options.inplace_update_support: 0
2022/04/09-18:15:52.240845 7fab11fb4f80                 Options.inplace_update_num_locks: 10000
2022/04/09-18:15:52.240850 7fab11fb4f80               Options.memtable_prefix_bloom_size_ratio: 0.000000
2022/04/09-18:15:52.240856 7fab11fb4f80               Options.memtable_whole_key_filtering: 0
2022/04/09-18:15:52.240861 7fab11fb4f80   Options.memtable_huge_page_size: 0
2022/04/09-18:15:52.240866 7fab11fb4f80                           Options.bloom_locality: 0
2022/04/09-18:15:52.240870 7fab11fb4f80                    Options.max_successive_merges: 0
2022/04/09-18:15:52.240875 7fab11fb4f80                Options.optimize_filters_for_hits: 0
2022/04/09-18:15:52.240879 7fab11fb4f80                Options.paranoid_file_checks: 0
2022/04/09-18:15:52.240883 7fab11fb4f80                Options.force_consistency_checks: 0
2022/04/09-18:15:52.240922 7fab11fb4f80                Options.report_bg_io_stats: 0
2022/04/09-18:15:52.240930 7fab11fb4f80                               Options.ttl: 2592000
2022/04/09-18:15:52.240935 7fab11fb4f80          Options.periodic_compaction_seconds: 2592000
2022/04/09-18:15:52.241059 7fab11fb4f80 [db/db_impl/db_impl.cc:2561] Created column family [RB] (ID 1)
2022/04/09-18:15:52.340872 7fab11fb4f80 [db/column_family.cc:578] --------------- Options for column family [FZ]:
2022/04/09-18:15:52.340912 7fab11fb4f80               Options.comparator: leveldb.BytewiseComparator
2022/04/09-18:15:52.340925 7fab11fb4f80           Options.merge_operator: None
2022/04/09-18:15:52.340937 7fab11fb4f80        Options.compaction_filter: filter_outdated
2022/04/09-18:15:52.340946 7fab11fb4f80        Options.compaction_filter_factory: None
2022/04/09-18:15:52.340955 7fab11fb4f80  Options.sst_partitioner_factory: None
2022/04/09-18:15:52.340965 7fab11fb4f80         Options.memtable_factory: SkipListFactory
2022/04/09-18:15:52.340974 7fab11fb4f80            Options.table_factory: BlockBasedTable
2022/04/09-18:15:52.341066 7fab11fb4f80            table_factory options:   flush_block_policy_factory: FlushBlockBySizePolicyFactory (0x7fab0fd673d0)
  cache_index_and_filter_blocks: 0
  cache_index_and_filter_blocks_with_high_priority: 1
  pin_l0_filter_and_index_blocks_in_cache: 0
  pin_top_level_index_and_filter: 1
  index_type: 0
  data_block_index_type: 0
  index_shortening: 1
  data_block_hash_table_util_ratio: 0.750000
  hash_index_allow_collision: 1
  checksum: 1
  no_block_cache: 0
  block_cache: 0x7fab0fdb4f90
  block_cache_name: LRUCache
  block_cache_options:
    capacity : 8388608
    num_shard_bits : 4
    strict_capacity_limit : 0
    memory_allocator : None
    high_pri_pool_ratio: 0.000
  block_cache_compressed: (nil)
  persistent_cache: (nil)
  block_size: 4096
  block_size_deviation: 10
  block_restart_interval: 16
  index_block_restart_interval: 1
  metadata_block_size: 4096
  partition_filters: 0
  use_delta_encoding: 1
  filter_policy: nullptr
  whole_key_filtering: 1
  verify_compression: 0
  read_amp_bytes_per_bit: 0
  format_version: 4
  enable_index_compression: 1
  block_align: 0
2022/04/09-18:15:52.341082 7fab11fb4f80        Options.write_buffer_size: 67108864
2022/04/09-18:15:52.341088 7fab11fb4f80  Options.max_write_buffer_number: 2
2022/04/09-18:15:52.341094 7fab11fb4f80          Options.compression: NoCompression
2022/04/09-18:15:52.341099 7fab11fb4f80                  Options.bottommost_compression: Disabled
2022/04/09-18:15:52.341104 7fab11fb4f80       Options.prefix_extractor: nullptr
2022/04/09-18:15:52.341108 7fab11fb4f80   Options.memtable_insert_with_hint_prefix_extractor: nullptr
2022/04/09-18:15:52.341113 7fab11fb4f80             Options.num_levels: 7
2022/04/09-18:15:52.341117 7fab11fb4f80        Options.min_write_buffer_number_to_merge: 1
2022/04/09-18:15:52.341122 7fab11fb4f80     Options.max_write_buffer_number_to_maintain: 0
2022/04/09-18:15:52.341126 7fab11fb4f80     Options.max_write_buffer_size_to_maintain: 0
2022/04/09-18:15:52.341131 7fab11fb4f80            Options.bottommost_compression_opts.window_bits: -14
2022/04/09-18:15:52.341135 7fab11fb4f80                  Options.bottommost_compression_opts.level: 32767
2022/04/09-18:15:52.341140 7fab11fb4f80               Options.bottommost_compression_opts.strategy: 0
2022/04/09-18:15:52.341145 7fab11fb4f80         Options.bottommost_compression_opts.max_dict_bytes: 0
2022/04/09-18:15:52.341149 7fab11fb4f80         Options.bottommost_compression_opts.zstd_max_train_bytes: 0
2022/04/09-18:15:52.341154 7fab11fb4f80         Options.bottommost_compression_opts.parallel_threads: 1
2022/04/09-18:15:52.341158 7fab11fb4f80                  Options.bottommost_compression_opts.enabled: false
2022/04/09-18:15:52.341163 7fab11fb4f80            Options.compression_opts.window_bits: -14
2022/04/09-18:15:52.341167 7fab11fb4f80                  Options.compression_opts.level: 32767
2022/04/09-18:15:52.341172 7fab11fb4f80               Options.compression_opts.strategy: 0
2022/04/09-18:15:52.341176 7fab11fb4f80         Options.compression_opts.max_dict_bytes: 0
2022/04/09-18:15:52.341180 7fab11fb4f80         Options.compression_opts.zstd_max_train_bytes: 0
2022/04/09-18:15:52.341185 7fab11fb4f80         Options.compression_opts.parallel_threads: 1
2022/04/09-18:15:52.341189 7fab11fb4f80                  Options.compression_opts.enabled: false
2022/04/09-18:15:52.341253 7fab11fb4f80      Options.level0_file_num_compaction_trigger: 4
2022/04/09-18:15:52.341262 7fab11fb4f80          Options.level0_slowdown_writes_trigger: 20
2022/04/09-18:15:52.341267 7fab11fb4f80              Options.level0_stop_writes_trigger: 36
2022/04/09-18:15:52.341272 7fab11fb4f80                   Options.target_file_size_base: 67108864
2022/04/09-18:15:52.341276 7fab11fb4f80             Options.target_file_size_multiplier: 1
2022/04/09-18:15:52.341281 7fab11fb4f80                Options.max_bytes_for_level_base: 268435456
2022/04/09-18:15:52.341285 7fab11fb4f80 Options.level_compaction_dynamic_level_bytes: 0
2022/04/09-18:15:52.341290 7fab11fb4f80          Options.max_bytes_for_level_multiplier: 10.000000
2022/04/09-18:15:52.341300 7fab11fb4f80 Options.max_bytes_for_level_multiplier_addtl[0]: 1
2022/04/09-18:15:52.341305 7fab11fb4f80 Options.max_bytes_for_level_multiplier_addtl[1]: 1
2022/04/09-18:15:52.341310 7fab11fb4f80 Options.max_bytes_for_level_multiplier_addtl[2]: 1
2022/04/09-18:15:52.341315 7fab11fb4f80 Options.max_bytes_for_level_multiplier_addtl[3]: 1
2022/04/09-18:15:52.341319 7fab11fb4f80 Options.max_bytes_for_level_multiplier_addtl[4]: 1
2022/04/09-18:15:52.341324 7fab11fb4f80 Options.max_bytes_for_level_multiplier_addtl[5]: 1
2022/04/09-18:15:52.341328 7fab11fb4f80 Options.max_bytes_for_level_multiplier_addtl[6]: 1
2022/04/09-18:15:52.341333 7fab11fb4f80       Options.max_sequential_skip_in_iterations: 8
2022/04/09-18:15:52.341337 7fab11fb4f80                    Options.max_compaction_bytes: 1677721600
2022/04/09-18:15:52.341343 7fab11fb4f80                        Options.arena_block_size: 8388608
2022/04/09-18:15:52.341351 7fab11fb4f80   Options.soft_pending_compaction_bytes_limit: 68719476736
2022/04/09-18:15:52.341361 7fab11fb4f80   Options.hard_pending_compaction_bytes_limit: 274877906944
2022/04/09-18:15:52.341370 7fab11fb4f80       Options.rate_limit_delay_max_milliseconds: 100
2022/04/09-18:15:52.341379 7fab11fb4f80                Options.disable_auto_compactions: 1
2022/04/09-18:15:52.341391 7fab11fb4f80                        Options.compaction_style: kCompactionStyleLevel
2022/04/09-18:15:52.341403 7fab11fb4f80                          Options.compaction_pri: kMinOverlappingRatio
2022/04/09-18:15:52.341410 7fab11fb4f80 Options.compaction_options_universal.size_ratio: 1
2022/04/09-18:15:52.341414 7fab11fb4f80 Options.compaction_options_universal.min_merge_width: 2
2022/04/09-18:15:52.341419 7fab11fb4f80 Options.compaction_options_universal.max_merge_width: 4294967295
2022/04/09-18:15:52.341423 7fab11fb4f80 Options.compaction_options_universal.max_size_amplification_percent: 200
2022/04/09-18:15:52.341428 7fab11fb4f80 Options.compaction_options_universal.compression_size_percent: -1
2022/04/09-18:15:52.341433 7fab11fb4f80 Options.compaction_options_universal.stop_style: kCompactionStopStyleTotalSize
2022/04/09-18:15:52.341438 7fab11fb4f80 Options.compaction_options_fifo.max_table_files_size: 1073741824
2022/04/09-18:15:52.341443 7fab11fb4f80 Options.compaction_options_fifo.allow_compaction: 0
2022/04/09-18:15:52.341457 7fab11fb4f80                   Options.table_properties_collectors: 
2022/04/09-18:15:52.341463 7fab11fb4f80                   Options.inplace_update_support: 0
2022/04/09-18:15:52.341468 7fab11fb4f80                 Options.inplace_update_num_locks: 10000
2022/04/09-18:15:52.341472 7fab11fb4f80               Options.memtable_prefix_bloom_size_ratio: 0.000000
2022/04/09-18:15:52.341479 7fab11fb4f80               Options.memtable_whole_key_filtering: 0
2022/04/09-18:15:52.341484 7fab11fb4f80   Options.memtable_huge_page_size: 0
2022/04/09-18:15:52.341489 7fab11fb4f80                           Options.bloom_locality: 0
2022/04/09-18:15:52.341493 7fab11fb4f80                    Options.max_successive_merges: 0
2022/04/09-18:15:52.341497 7fab11fb4f80                Options.optimize_filters_for_hits: 0
2022/04/09-18:15:52.341502 7fab11fb4f80                Options.paranoid_file_checks: 0
2022/04/09-18:15:52.341506 7fab11fb4f80                Options.force_consistency_checks: 0
2022/04/09-18:15:52.341553 7fab11fb4f80                Options.report_bg_io_stats: 0
2022/04/09-18:15:52.341562 7fab11fb4f80                               Options.ttl: 2592000
2022/04/09-18:15:52.341567 7fab11fb4f80          Options.periodic_compaction_seconds: 2592000
2022/04/09-18:15:52.341720 7fab11fb4f80 [db/db_impl/db_impl.cc:2561] Created column family [FZ] (ID 2)
2022/04/09-18:15:52.441842 7fab11fb4f80 [db/column_family.cc:578] --------------- Options for column family [NZ]:
2022/04/09-18:15:52.441908 7fab11fb4f80               Options.comparator: leveldb.BytewiseComparator
2022/04/09-18:15:52.441912 7fab11fb4f80           Options.merge_operator: None
2022/04/09-18:15:52.441916 7fab11fb4f80        Options.compaction_filter: filter_outdated
2022/04/09-18:15:52.441918 7fab11fb4f80        Options.compaction_filter_factory: None
2022/04/09-18:15:52.441921 7fab11fb4f80  Options.sst_partitioner_factory: None
2022/04/09-18:15:52.441923 7fab11fb4f80         Options.memtable_factory: SkipListFactory
2022/04/09-18:15:52.441925 7fab11fb4f80            Options.table_factory: BlockBasedTable
2022/04/09-18:15:52.441961 7fab11fb4f80            table_factory options:   flush_block_policy_factory: FlushBlockBySizePolicyFactory (0x7fab0fd673e8)
  cache_index_and_filter_blocks: 0
  cache_index_and_filter_blocks_with_high_priority: 1
  pin_l0_filter_and_index_blocks_in_cache: 0
  pin_top_level_index_and_filter: 1
  index_type: 0
  data_block_index_type: 0
  index_shortening: 1
  data_block_hash_table_util_ratio: 0.750000
  hash_index_allow_collision: 1
  checksum: 1
  no_block_cache: 0
  block_cache: 0x7fab0fdb6810
  block_cache_name: LRUCache
  block_cache_options:
    capacity : 8388608
    num_shard_bits : 4
    strict_capacity_limit : 0
    memory_allocator : None
    high_pri_pool_ratio: 0.000
  block_cache_compressed: (nil)
  persistent_cache: (nil)
  block_size: 4096
  block_size_deviation: 10
  block_restart_interval: 16
  index_block_restart_interval: 1
  metadata_block_size: 4096
  partition_filters: 0
  use_delta_encoding: 1
  filter_policy: nullptr
  whole_key_filtering: 1
  verify_compression: 0
  read_amp_bytes_per_bit: 0
  format_version: 4
  enable_index_compression: 1
  block_align: 0
2022/04/09-18:15:52.441969 7fab11fb4f80        Options.write_buffer_size: 67108864
2022/04/09-18:15:52.441972 7fab11fb4f80  Options.max_write_buffer_number: 2
2022/04/09-18:15:52.441976 7fab11fb4f80          Options.compression: NoCompression
2022/04/09-18:15:52.441978 7fab11fb4f80                  Options.bottommost_compression: Disabled
2022/04/09-18:15:52.441981 7fab11fb4f80       Options.prefix_extractor: nullptr
2022/04/09-18:15:52.441983 7fab11fb4f80   Options.memtable_insert_with_hint_prefix_extractor: nullptr
2022/04/09-18:15:52.441985 7fab11fb4f80             Options.num_levels: 7
2022/04/09-18:15:52.441987 7fab11fb4f80        Options.min_write_buffer_number_to_merge: 1
2022/04/09-18:15:52.441989 7fab11fb4f80     Options.max_write_buffer_number_to_maintain: 0
2022/04/09-18:15:52.441991 7fab11fb4f80     Options.max_write_buffer_size_to_maintain: 0
2022/04/09-18:15:52.441994 7fab11fb4f80            Options.bottommost_compression_opts.window_bits: -14
2022/04/09-18:15:52.441996 7fab11fb4f80                  Options.bottommost_compression_opts.level: 32767
2022/04/09-18:15:52.441998 7fab11fb4f80               Options.bottommost_compression_opts.strategy: 0
2022/04/09-18:15:52.442000 7fab11fb4f80         Options.bottommost_compression_opts.max_dict_bytes: 0
2022/04/09-18:15:52.442003 7fab11fb4f80         Options.bottommost_compression_opts.zstd_max_train_bytes: 0
2022/04/09-18:15:52.442005 7fab11fb4f80         Options.bottommost_compression_opts.parallel_threads: 1
2022/04/09-18:15:52.442007 7fab11fb4f80                  Options.bottommost_compression_opts.enabled: false
2022/04/09-18:15:52.442010 7fab11fb4f80            Options.compression_opts.window_bits: -14
2022/04/09-18:15:52.442012 7fab11fb4f80                  Options.compression_opts.level: 32767
2022/04/09-18:15:52.442015 7fab11fb4f80               Options.compression_opts.strategy: 0
2022/04/09-18:15:52.442017 7fab11fb4f80         Options.compression_opts.max_dict_bytes: 0
2022/04/09-18:15:52.442020 7fab11fb4f80         Options.compression_opts.zstd_max_train_bytes: 0
2022/04/09-18:15:52.442022 7fab11fb4f80         Options.compression_opts.parallel_threads: 1
2022/04/09-18:15:52.442024 7fab11fb4f80                  Options.compression_opts.enabled: false
2022/04/09-18:15:52.442058 7fab11fb4f80      Options.level0_file_num_compaction_trigger: 4
2022/04/09-18:15:52.442062 7fab11fb4f80          Options.level0_slowdown_writes_trigger: 20
2022/04/09-18:15:52.442065 7fab11fb4f80              Options.level0_stop_writes_trigger: 36
2022/04/09-18:15:52.442067 7fab11fb4f80                   Options.target_file_size_base: 67108864
2022/04/09-18:15:52.442069 7fab11fb4f80             Options.target_file_size_multiplier: 1
2022/04/09-18:15:52.442079 7fab11fb4f80                Options.max_bytes_for_level_base: 268435456
2022/04/09-18:15:52.442081 7fab11fb4f80 Options.level_compaction_dynamic_level_bytes: 0
