2022/04/16-16:49:17.862789 7f8f99598f80 RocksDB version: 6.12.7
2022/04/16-16:49:17.862855 7f8f99598f80 Git sha rocksdb_build_git_sha:@0@
2022/04/16-16:49:17.862860 7f8f99598f80 Compile date Jan  1 1980
2022/04/16-16:49:17.862926 7f8f99598f80 DB SUMMARY
2022/04/16-16:49:17.862930 7f8f99598f80 DB Session ID:  AEMZDC01PKIL2HKY26HC
2022/04/16-16:49:17.862980 7f8f99598f80 CURRENT file:  CURRENT
2022/04/16-16:49:17.862984 7f8f99598f80 IDENTITY file:  IDENTITY
2022/04/16-16:49:17.862991 7f8f99598f80 MANIFEST file:  MANIFEST-000029 size: 1077 Bytes
2022/04/16-16:49:17.862995 7f8f99598f80 SST files in /home/ritik/education/.dfx/state/replicated_state/node-100/ic_consensus_pool/certification dir, Total Num: 2, files: 000033.sst 000034.sst 
2022/04/16-16:49:17.862998 7f8f99598f80 Write Ahead Log file in /home/ritik/education/.dfx/state/replicated_state/node-100/ic_consensus_pool/certification: 000030.log size: 641263 ; 
2022/04/16-16:49:17.863001 7f8f99598f80                         Options.error_if_exists: 0
2022/04/16-16:49:17.863003 7f8f99598f80                       Options.create_if_missing: 1
2022/04/16-16:49:17.863005 7f8f99598f80                         Options.paranoid_checks: 1
2022/04/16-16:49:17.863007 7f8f99598f80                                     Options.env: 0x56082cbb18e0
2022/04/16-16:49:17.863009 7f8f99598f80                                      Options.fs: Posix File System
2022/04/16-16:49:17.863011 7f8f99598f80                                Options.info_log: 0x7f8f975b9a50
2022/04/16-16:49:17.863013 7f8f99598f80                Options.max_file_opening_threads: 16
2022/04/16-16:49:17.863015 7f8f99598f80                              Options.statistics: (nil)
2022/04/16-16:49:17.863018 7f8f99598f80                               Options.use_fsync: 1
2022/04/16-16:49:17.863019 7f8f99598f80                       Options.max_log_file_size: 0
2022/04/16-16:49:17.863021 7f8f99598f80                  Options.max_manifest_file_size: 1073741824
2022/04/16-16:49:17.863023 7f8f99598f80                   Options.log_file_time_to_roll: 0
2022/04/16-16:49:17.863025 7f8f99598f80                       Options.keep_log_file_num: 1000
2022/04/16-16:49:17.863027 7f8f99598f80                    Options.recycle_log_file_num: 0
2022/04/16-16:49:17.863029 7f8f99598f80                         Options.allow_fallocate: 1
2022/04/16-16:49:17.863031 7f8f99598f80                        Options.allow_mmap_reads: 0
2022/04/16-16:49:17.863033 7f8f99598f80                       Options.allow_mmap_writes: 0
2022/04/16-16:49:17.863035 7f8f99598f80                        Options.use_direct_reads: 0
2022/04/16-16:49:17.863037 7f8f99598f80                        Options.use_direct_io_for_flush_and_compaction: 0
2022/04/16-16:49:17.863039 7f8f99598f80          Options.create_missing_column_families: 1
2022/04/16-16:49:17.863040 7f8f99598f80                              Options.db_log_dir: 
2022/04/16-16:49:17.863042 7f8f99598f80                                 Options.wal_dir: /home/ritik/education/.dfx/state/replicated_state/node-100/ic_consensus_pool/certification
2022/04/16-16:49:17.863044 7f8f99598f80                Options.table_cache_numshardbits: 6
2022/04/16-16:49:17.863046 7f8f99598f80                         Options.WAL_ttl_seconds: 0
2022/04/16-16:49:17.863048 7f8f99598f80                       Options.WAL_size_limit_MB: 0
2022/04/16-16:49:17.863050 7f8f99598f80                        Options.max_write_batch_group_size_bytes: 1048576
2022/04/16-16:49:17.863052 7f8f99598f80             Options.manifest_preallocation_size: 4194304
2022/04/16-16:49:17.863054 7f8f99598f80                     Options.is_fd_close_on_exec: 1
2022/04/16-16:49:17.863056 7f8f99598f80                   Options.advise_random_on_open: 1
2022/04/16-16:49:17.863057 7f8f99598f80                    Options.db_write_buffer_size: 0
2022/04/16-16:49:17.863059 7f8f99598f80                    Options.write_buffer_manager: 0x7f8f96ab3550
2022/04/16-16:49:17.863061 7f8f99598f80         Options.access_hint_on_compaction_start: 1
2022/04/16-16:49:17.863063 7f8f99598f80  Options.new_table_reader_for_compaction_inputs: 0
2022/04/16-16:49:17.863065 7f8f99598f80           Options.random_access_max_buffer_size: 1048576
2022/04/16-16:49:17.863089 7f8f99598f80                      Options.use_adaptive_mutex: 0
2022/04/16-16:49:17.863092 7f8f99598f80                            Options.rate_limiter: (nil)
2022/04/16-16:49:17.863095 7f8f99598f80     Options.sst_file_manager.rate_bytes_per_sec: 0
2022/04/16-16:49:17.863097 7f8f99598f80                       Options.wal_recovery_mode: 2
2022/04/16-16:49:17.863099 7f8f99598f80                  Options.enable_thread_tracking: 0
2022/04/16-16:49:17.863100 7f8f99598f80                  Options.enable_pipelined_write: 0
2022/04/16-16:49:17.863102 7f8f99598f80                  Options.unordered_write: 0
2022/04/16-16:49:17.863104 7f8f99598f80         Options.allow_concurrent_memtable_write: 1
2022/04/16-16:49:17.863106 7f8f99598f80      Options.enable_write_thread_adaptive_yield: 1
2022/04/16-16:49:17.863108 7f8f99598f80             Options.write_thread_max_yield_usec: 100
2022/04/16-16:49:17.863109 7f8f99598f80            Options.write_thread_slow_yield_usec: 3
2022/04/16-16:49:17.863111 7f8f99598f80                               Options.row_cache: None
2022/04/16-16:49:17.863113 7f8f99598f80                              Options.wal_filter: None
2022/04/16-16:49:17.863115 7f8f99598f80             Options.avoid_flush_during_recovery: 0
2022/04/16-16:49:17.863117 7f8f99598f80             Options.allow_ingest_behind: 0
2022/04/16-16:49:17.863119 7f8f99598f80             Options.preserve_deletes: 0
2022/04/16-16:49:17.863121 7f8f99598f80             Options.two_write_queues: 0
2022/04/16-16:49:17.863123 7f8f99598f80             Options.manual_wal_flush: 0
2022/04/16-16:49:17.863124 7f8f99598f80             Options.atomic_flush: 0
2022/04/16-16:49:17.863126 7f8f99598f80             Options.avoid_unnecessary_blocking_io: 0
2022/04/16-16:49:17.863128 7f8f99598f80                 Options.persist_stats_to_disk: 0
2022/04/16-16:49:17.863130 7f8f99598f80                 Options.write_dbid_to_manifest: 0
2022/04/16-16:49:17.863132 7f8f99598f80                 Options.log_readahead_size: 0
2022/04/16-16:49:17.863133 7f8f99598f80                 Options.file_checksum_gen_factory: Unknown
2022/04/16-16:49:17.863135 7f8f99598f80                 Options.best_efforts_recovery: 0
2022/04/16-16:49:17.863137 7f8f99598f80                Options.max_bgerror_resume_count: 2147483647
2022/04/16-16:49:17.863139 7f8f99598f80            Options.bgerror_resume_retry_interval: 1000000
2022/04/16-16:49:17.863141 7f8f99598f80             Options.max_background_jobs: 2
2022/04/16-16:49:17.863143 7f8f99598f80             Options.max_background_compactions: -1
2022/04/16-16:49:17.863145 7f8f99598f80             Options.max_subcompactions: 1
2022/04/16-16:49:17.863147 7f8f99598f80             Options.avoid_flush_during_shutdown: 0
2022/04/16-16:49:17.863149 7f8f99598f80           Options.writable_file_max_buffer_size: 1048576
2022/04/16-16:49:17.863150 7f8f99598f80             Options.delayed_write_rate : 16777216
2022/04/16-16:49:17.863152 7f8f99598f80             Options.max_total_wal_size: 0
2022/04/16-16:49:17.863154 7f8f99598f80             Options.delete_obsolete_files_period_micros: 21600000000
2022/04/16-16:49:17.863156 7f8f99598f80                   Options.stats_dump_period_sec: 600
2022/04/16-16:49:17.863158 7f8f99598f80                 Options.stats_persist_period_sec: 600
2022/04/16-16:49:17.863160 7f8f99598f80                 Options.stats_history_buffer_size: 1048576
2022/04/16-16:49:17.863162 7f8f99598f80                          Options.max_open_files: -1
2022/04/16-16:49:17.863164 7f8f99598f80                          Options.bytes_per_sync: 0
2022/04/16-16:49:17.863165 7f8f99598f80                      Options.wal_bytes_per_sync: 0
2022/04/16-16:49:17.863167 7f8f99598f80                   Options.strict_bytes_per_sync: 0
2022/04/16-16:49:17.863169 7f8f99598f80       Options.compaction_readahead_size: 0
2022/04/16-16:49:17.863171 7f8f99598f80                  Options.max_background_flushes: -1
2022/04/16-16:49:17.863173 7f8f99598f80 Compression algorithms supported:
2022/04/16-16:49:17.863189 7f8f99598f80 	kZSTDNotFinalCompression supported: 1
2022/04/16-16:49:17.863192 7f8f99598f80 	kZSTD supported: 1
2022/04/16-16:49:17.863195 7f8f99598f80 	kXpressCompression supported: 0
2022/04/16-16:49:17.863197 7f8f99598f80 	kLZ4HCCompression supported: 1
2022/04/16-16:49:17.863199 7f8f99598f80 	kLZ4Compression supported: 1
2022/04/16-16:49:17.863201 7f8f99598f80 	kBZip2Compression supported: 1
2022/04/16-16:49:17.863203 7f8f99598f80 	kZlibCompression supported: 1
2022/04/16-16:49:17.863205 7f8f99598f80 	kSnappyCompression supported: 1
2022/04/16-16:49:17.863208 7f8f99598f80 Fast CRC32 supported: Supported on x86
2022/04/16-16:49:17.876728 7f8f99598f80 [db/version_set.cc:4559] Recovering from manifest file: /home/ritik/education/.dfx/state/replicated_state/node-100/ic_consensus_pool/certification/MANIFEST-000029
2022/04/16-16:49:17.876887 7f8f99598f80 [db/column_family.cc:578] --------------- Options for column family [default]:
2022/04/16-16:49:17.876891 7f8f99598f80               Options.comparator: leveldb.BytewiseComparator
2022/04/16-16:49:17.876893 7f8f99598f80           Options.merge_operator: None
2022/04/16-16:49:17.876895 7f8f99598f80        Options.compaction_filter: None
2022/04/16-16:49:17.876896 7f8f99598f80        Options.compaction_filter_factory: None
2022/04/16-16:49:17.876897 7f8f99598f80  Options.sst_partitioner_factory: None
2022/04/16-16:49:17.876899 7f8f99598f80         Options.memtable_factory: SkipListFactory
2022/04/16-16:49:17.876900 7f8f99598f80            Options.table_factory: BlockBasedTable
2022/04/16-16:49:17.876929 7f8f99598f80            table_factory options:   flush_block_policy_factory: FlushBlockBySizePolicyFactory (0x7f8f975a7338)
  cache_index_and_filter_blocks: 0
  cache_index_and_filter_blocks_with_high_priority: 1
  pin_l0_filter_and_index_blocks_in_cache: 0
  pin_top_level_index_and_filter: 1
  index_type: 0
  data_block_index_type: 0
  index_shortening: 1
  data_block_hash_table_util_ratio: 0.750000
  hash_index_allow_collision: 1
  checksum: 1
  no_block_cache: 0
  block_cache: 0x7f8f975a3210
  block_cache_name: LRUCache
  block_cache_options:
    capacity : 8388608
    num_shard_bits : 4
    strict_capacity_limit : 0
    memory_allocator : None
    high_pri_pool_ratio: 0.000
  block_cache_compressed: (nil)
  persistent_cache: (nil)
  block_size: 4096
  block_size_deviation: 10
  block_restart_interval: 16
  index_block_restart_interval: 1
  metadata_block_size: 4096
  partition_filters: 0
  use_delta_encoding: 1
  filter_policy: nullptr
  whole_key_filtering: 1
  verify_compression: 0
  read_amp_bytes_per_bit: 0
  format_version: 4
  enable_index_compression: 1
  block_align: 0
2022/04/16-16:49:17.876934 7f8f99598f80        Options.write_buffer_size: 67108864
2022/04/16-16:49:17.876936 7f8f99598f80  Options.max_write_buffer_number: 2
2022/04/16-16:49:17.876937 7f8f99598f80          Options.compression: Snappy
2022/04/16-16:49:17.876938 7f8f99598f80                  Options.bottommost_compression: Disabled
2022/04/16-16:49:17.876940 7f8f99598f80       Options.prefix_extractor: nullptr
2022/04/16-16:49:17.876941 7f8f99598f80   Options.memtable_insert_with_hint_prefix_extractor: nullptr
2022/04/16-16:49:17.876942 7f8f99598f80             Options.num_levels: 7
2022/04/16-16:49:17.876943 7f8f99598f80        Options.min_write_buffer_number_to_merge: 1
2022/04/16-16:49:17.876945 7f8f99598f80     Options.max_write_buffer_number_to_maintain: 0
2022/04/16-16:49:17.876946 7f8f99598f80     Options.max_write_buffer_size_to_maintain: 0
2022/04/16-16:49:17.876947 7f8f99598f80            Options.bottommost_compression_opts.window_bits: -14
2022/04/16-16:49:17.876948 7f8f99598f80                  Options.bottommost_compression_opts.level: 32767
2022/04/16-16:49:17.876950 7f8f99598f80               Options.bottommost_compression_opts.strategy: 0
2022/04/16-16:49:17.876951 7f8f99598f80         Options.bottommost_compression_opts.max_dict_bytes: 0
2022/04/16-16:49:17.876952 7f8f99598f80         Options.bottommost_compression_opts.zstd_max_train_bytes: 0
2022/04/16-16:49:17.876987 7f8f99598f80         Options.bottommost_compression_opts.parallel_threads: 1
2022/04/16-16:49:17.876990 7f8f99598f80                  Options.bottommost_compression_opts.enabled: false
2022/04/16-16:49:17.876991 7f8f99598f80            Options.compression_opts.window_bits: -14
2022/04/16-16:49:17.876992 7f8f99598f80                  Options.compression_opts.level: 32767
2022/04/16-16:49:17.876994 7f8f99598f80               Options.compression_opts.strategy: 0
2022/04/16-16:49:17.876995 7f8f99598f80         Options.compression_opts.max_dict_bytes: 0
2022/04/16-16:49:17.876996 7f8f99598f80         Options.compression_opts.zstd_max_train_bytes: 0
2022/04/16-16:49:17.876997 7f8f99598f80         Options.compression_opts.parallel_threads: 1
2022/04/16-16:49:17.876998 7f8f99598f80                  Options.compression_opts.enabled: false
2022/04/16-16:49:17.877008 7f8f99598f80      Options.level0_file_num_compaction_trigger: 4
2022/04/16-16:49:17.877009 7f8f99598f80          Options.level0_slowdown_writes_trigger: 20
2022/04/16-16:49:17.877011 7f8f99598f80              Options.level0_stop_writes_trigger: 36
2022/04/16-16:49:17.877012 7f8f99598f80                   Options.target_file_size_base: 67108864
2022/04/16-16:49:17.877013 7f8f99598f80             Options.target_file_size_multiplier: 1
2022/04/16-16:49:17.877014 7f8f99598f80                Options.max_bytes_for_level_base: 268435456
2022/04/16-16:49:17.877016 7f8f99598f80 Options.level_compaction_dynamic_level_bytes: 0
2022/04/16-16:49:17.877017 7f8f99598f80          Options.max_bytes_for_level_multiplier: 10.000000
2022/04/16-16:49:17.877020 7f8f99598f80 Options.max_bytes_for_level_multiplier_addtl[0]: 1
2022/04/16-16:49:17.877022 7f8f99598f80 Options.max_bytes_for_level_multiplier_addtl[1]: 1
2022/04/16-16:49:17.877023 7f8f99598f80 Options.max_bytes_for_level_multiplier_addtl[2]: 1
2022/04/16-16:49:17.877024 7f8f99598f80 Options.max_bytes_for_level_multiplier_addtl[3]: 1
2022/04/16-16:49:17.877026 7f8f99598f80 Options.max_bytes_for_level_multiplier_addtl[4]: 1
2022/04/16-16:49:17.877027 7f8f99598f80 Options.max_bytes_for_level_multiplier_addtl[5]: 1
2022/04/16-16:49:17.877028 7f8f99598f80 Options.max_bytes_for_level_multiplier_addtl[6]: 1
2022/04/16-16:49:17.877030 7f8f99598f80       Options.max_sequential_skip_in_iterations: 8
2022/04/16-16:49:17.877031 7f8f99598f80                    Options.max_compaction_bytes: 1677721600
2022/04/16-16:49:17.877032 7f8f99598f80                        Options.arena_block_size: 8388608
2022/04/16-16:49:17.877034 7f8f99598f80   Options.soft_pending_compaction_bytes_limit: 68719476736
2022/04/16-16:49:17.877035 7f8f99598f80   Options.hard_pending_compaction_bytes_limit: 274877906944
2022/04/16-16:49:17.877036 7f8f99598f80       Options.rate_limit_delay_max_milliseconds: 100
2022/04/16-16:49:17.877038 7f8f99598f80                Options.disable_auto_compactions: 0
2022/04/16-16:49:17.877040 7f8f99598f80                        Options.compaction_style: kCompactionStyleLevel
2022/04/16-16:49:17.877041 7f8f99598f80                          Options.compaction_pri: kMinOverlappingRatio
2022/04/16-16:49:17.877042 7f8f99598f80 Options.compaction_options_universal.size_ratio: 1
2022/04/16-16:49:17.877044 7f8f99598f80 Options.compaction_options_universal.min_merge_width: 2
2022/04/16-16:49:17.877045 7f8f99598f80 Options.compaction_options_universal.max_merge_width: 4294967295
2022/04/16-16:49:17.877046 7f8f99598f80 Options.compaction_options_universal.max_size_amplification_percent: 200
2022/04/16-16:49:17.877048 7f8f99598f80 Options.compaction_options_universal.compression_size_percent: -1
2022/04/16-16:49:17.877050 7f8f99598f80 Options.compaction_options_universal.stop_style: kCompactionStopStyleTotalSize
2022/04/16-16:49:17.877051 7f8f99598f80 Options.compaction_options_fifo.max_table_files_size: 1073741824
2022/04/16-16:49:17.877052 7f8f99598f80 Options.compaction_options_fifo.allow_compaction: 0
2022/04/16-16:49:17.877058 7f8f99598f80                   Options.table_properties_collectors: 
2022/04/16-16:49:17.877059 7f8f99598f80                   Options.inplace_update_support: 0
2022/04/16-16:49:17.877070 7f8f99598f80                 Options.inplace_update_num_locks: 10000
2022/04/16-16:49:17.877072 7f8f99598f80               Options.memtable_prefix_bloom_size_ratio: 0.000000
2022/04/16-16:49:17.877075 7f8f99598f80               Options.memtable_whole_key_filtering: 0
2022/04/16-16:49:17.877076 7f8f99598f80   Options.memtable_huge_page_size: 0
2022/04/16-16:49:17.877077 7f8f99598f80                           Options.bloom_locality: 0
2022/04/16-16:49:17.877079 7f8f99598f80                    Options.max_successive_merges: 0
2022/04/16-16:49:17.877080 7f8f99598f80                Options.optimize_filters_for_hits: 0
2022/04/16-16:49:17.877081 7f8f99598f80                Options.paranoid_file_checks: 0
2022/04/16-16:49:17.877083 7f8f99598f80                Options.force_consistency_checks: 0
2022/04/16-16:49:17.877084 7f8f99598f80                Options.report_bg_io_stats: 0
2022/04/16-16:49:17.877085 7f8f99598f80                               Options.ttl: 2592000
2022/04/16-16:49:17.877086 7f8f99598f80          Options.periodic_compaction_seconds: 0
2022/04/16-16:49:17.890336 7f8f99598f80 [db/column_family.cc:578] --------------- Options for column family [CE]:
2022/04/16-16:49:17.890354 7f8f99598f80               Options.comparator: leveldb.BytewiseComparator
2022/04/16-16:49:17.890356 7f8f99598f80           Options.merge_operator: None
2022/04/16-16:49:17.890358 7f8f99598f80        Options.compaction_filter: filter_outdated
2022/04/16-16:49:17.890360 7f8f99598f80        Options.compaction_filter_factory: None
2022/04/16-16:49:17.890361 7f8f99598f80  Options.sst_partitioner_factory: None
2022/04/16-16:49:17.890363 7f8f99598f80         Options.memtable_factory: SkipListFactory
2022/04/16-16:49:17.890364 7f8f99598f80            Options.table_factory: BlockBasedTable
2022/04/16-16:49:17.890390 7f8f99598f80            table_factory options:   flush_block_policy_factory: FlushBlockBySizePolicyFactory (0x7f8f975a7300)
  cache_index_and_filter_blocks: 0
  cache_index_and_filter_blocks_with_high_priority: 1
  pin_l0_filter_and_index_blocks_in_cache: 0
  pin_top_level_index_and_filter: 1
  index_type: 0
  data_block_index_type: 0
  index_shortening: 1
  data_block_hash_table_util_ratio: 0.750000
  hash_index_allow_collision: 1
  checksum: 1
  no_block_cache: 0
  block_cache: 0x7f8f991b7110
  block_cache_name: LRUCache
  block_cache_options:
    capacity : 8388608
    num_shard_bits : 4
    strict_capacity_limit : 0
    memory_allocator : None
    high_pri_pool_ratio: 0.000
  block_cache_compressed: (nil)
  persistent_cache: (nil)
  block_size: 4096
  block_size_deviation: 10
  block_restart_interval: 16
  index_block_restart_interval: 1
  metadata_block_size: 4096
  partition_filters: 0
  use_delta_encoding: 1
  filter_policy: nullptr
  whole_key_filtering: 1
  verify_compression: 0
  read_amp_bytes_per_bit: 0
  format_version: 4
  enable_index_compression: 1
  block_align: 0
2022/04/16-16:49:17.890395 7f8f99598f80        Options.write_buffer_size: 67108864
2022/04/16-16:49:17.890397 7f8f99598f80  Options.max_write_buffer_number: 2
2022/04/16-16:49:17.890398 7f8f99598f80          Options.compression: NoCompression
2022/04/16-16:49:17.890400 7f8f99598f80                  Options.bottommost_compression: Disabled
2022/04/16-16:49:17.890401 7f8f99598f80       Options.prefix_extractor: nullptr
2022/04/16-16:49:17.890402 7f8f99598f80   Options.memtable_insert_with_hint_prefix_extractor: nullptr
2022/04/16-16:49:17.890404 7f8f99598f80             Options.num_levels: 7
2022/04/16-16:49:17.890405 7f8f99598f80        Options.min_write_buffer_number_to_merge: 1
2022/04/16-16:49:17.890406 7f8f99598f80     Options.max_write_buffer_number_to_maintain: 0
2022/04/16-16:49:17.890407 7f8f99598f80     Options.max_write_buffer_size_to_maintain: 0
2022/04/16-16:49:17.890408 7f8f99598f80            Options.bottommost_compression_opts.window_bits: -14
2022/04/16-16:49:17.890410 7f8f99598f80                  Options.bottommost_compression_opts.level: 32767
2022/04/16-16:49:17.890454 7f8f99598f80               Options.bottommost_compression_opts.strategy: 0
2022/04/16-16:49:17.890457 7f8f99598f80         Options.bottommost_compression_opts.max_dict_bytes: 0
2022/04/16-16:49:17.890458 7f8f99598f80         Options.bottommost_compression_opts.zstd_max_train_bytes: 0
2022/04/16-16:49:17.890459 7f8f99598f80         Options.bottommost_compression_opts.parallel_threads: 1
2022/04/16-16:49:17.890460 7f8f99598f80                  Options.bottommost_compression_opts.enabled: false
2022/04/16-16:49:17.890462 7f8f99598f80            Options.compression_opts.window_bits: -14
2022/04/16-16:49:17.890463 7f8f99598f80                  Options.compression_opts.level: 32767
2022/04/16-16:49:17.890464 7f8f99598f80               Options.compression_opts.strategy: 0
2022/04/16-16:49:17.890465 7f8f99598f80         Options.compression_opts.max_dict_bytes: 0
2022/04/16-16:49:17.890474 7f8f99598f80         Options.compression_opts.zstd_max_train_bytes: 0
2022/04/16-16:49:17.890476 7f8f99598f80         Options.compression_opts.parallel_threads: 1
2022/04/16-16:49:17.890477 7f8f99598f80                  Options.compression_opts.enabled: false
2022/04/16-16:49:17.890479 7f8f99598f80      Options.level0_file_num_compaction_trigger: 4
2022/04/16-16:49:17.890480 7f8f99598f80          Options.level0_slowdown_writes_trigger: 20
2022/04/16-16:49:17.890481 7f8f99598f80              Options.level0_stop_writes_trigger: 36
2022/04/16-16:49:17.890483 7f8f99598f80                   Options.target_file_size_base: 67108864
2022/04/16-16:49:17.890484 7f8f99598f80             Options.target_file_size_multiplier: 1
2022/04/16-16:49:17.890485 7f8f99598f80                Options.max_bytes_for_level_base: 268435456
2022/04/16-16:49:17.890487 7f8f99598f80 Options.level_compaction_dynamic_level_bytes: 0
2022/04/16-16:49:17.890488 7f8f99598f80          Options.max_bytes_for_level_multiplier: 10.000000
2022/04/16-16:49:17.890491 7f8f99598f80 Options.max_bytes_for_level_multiplier_addtl[0]: 1
2022/04/16-16:49:17.890493 7f8f99598f80 Options.max_bytes_for_level_multiplier_addtl[1]: 1
2022/04/16-16:49:17.890494 7f8f99598f80 Options.max_bytes_for_level_multiplier_addtl[2]: 1
2022/04/16-16:49:17.890495 7f8f99598f80 Options.max_bytes_for_level_multiplier_addtl[3]: 1
2022/04/16-16:49:17.890497 7f8f99598f80 Options.max_bytes_for_level_multiplier_addtl[4]: 1
2022/04/16-16:49:17.890498 7f8f99598f80 Options.max_bytes_for_level_multiplier_addtl[5]: 1
2022/04/16-16:49:17.890499 7f8f99598f80 Options.max_bytes_for_level_multiplier_addtl[6]: 1
2022/04/16-16:49:17.890501 7f8f99598f80       Options.max_sequential_skip_in_iterations: 8
2022/04/16-16:49:17.890502 7f8f99598f80                    Options.max_compaction_bytes: 1677721600
2022/04/16-16:49:17.890503 7f8f99598f80                        Options.arena_block_size: 8388608
2022/04/16-16:49:17.890505 7f8f99598f80   Options.soft_pending_compaction_bytes_limit: 68719476736
2022/04/16-16:49:17.890506 7f8f99598f80   Options.hard_pending_compaction_bytes_limit: 274877906944
2022/04/16-16:49:17.890507 7f8f99598f80       Options.rate_limit_delay_max_milliseconds: 100
2022/04/16-16:49:17.890508 7f8f99598f80                Options.disable_auto_compactions: 1
2022/04/16-16:49:17.890510 7f8f99598f80                        Options.compaction_style: kCompactionStyleLevel
2022/04/16-16:49:17.890512 7f8f99598f80                          Options.compaction_pri: kMinOverlappingRatio
2022/04/16-16:49:17.890513 7f8f99598f80 Options.compaction_options_universal.size_ratio: 1
2022/04/16-16:49:17.890515 7f8f99598f80 Options.compaction_options_universal.min_merge_width: 2
2022/04/16-16:49:17.890516 7f8f99598f80 Options.compaction_options_universal.max_merge_width: 4294967295
2022/04/16-16:49:17.890517 7f8f99598f80 Options.compaction_options_universal.max_size_amplification_percent: 200
2022/04/16-16:49:17.890519 7f8f99598f80 Options.compaction_options_universal.compression_size_percent: -1
2022/04/16-16:49:17.890520 7f8f99598f80 Options.compaction_options_universal.stop_style: kCompactionStopStyleTotalSize
2022/04/16-16:49:17.890531 7f8f99598f80 Options.compaction_options_fifo.max_table_files_size: 1073741824
2022/04/16-16:49:17.890533 7f8f99598f80 Options.compaction_options_fifo.allow_compaction: 0
2022/04/16-16:49:17.890539 7f8f99598f80                   Options.table_properties_collectors: 
2022/04/16-16:49:17.890540 7f8f99598f80                   Options.inplace_update_support: 0
2022/04/16-16:49:17.890542 7f8f99598f80                 Options.inplace_update_num_locks: 10000
2022/04/16-16:49:17.890543 7f8f99598f80               Options.memtable_prefix_bloom_size_ratio: 0.000000
2022/04/16-16:49:17.890545 7f8f99598f80               Options.memtable_whole_key_filtering: 0
2022/04/16-16:49:17.890547 7f8f99598f80   Options.memtable_huge_page_size: 0
2022/04/16-16:49:17.890548 7f8f99598f80                           Options.bloom_locality: 0
2022/04/16-16:49:17.890549 7f8f99598f80                    Options.max_successive_merges: 0
2022/04/16-16:49:17.890551 7f8f99598f80                Options.optimize_filters_for_hits: 0
2022/04/16-16:49:17.890552 7f8f99598f80                Options.paranoid_file_checks: 0
2022/04/16-16:49:17.890553 7f8f99598f80                Options.force_consistency_checks: 0
2022/04/16-16:49:17.890554 7f8f99598f80                Options.report_bg_io_stats: 0
2022/04/16-16:49:17.890556 7f8f99598f80                               Options.ttl: 2592000
2022/04/16-16:49:17.890557 7f8f99598f80          Options.periodic_compaction_seconds: 2592000
2022/04/16-16:49:17.890618 7f8f99598f80 [db/column_family.cc:578] --------------- Options for column family [CES]:
2022/04/16-16:49:17.890622 7f8f99598f80               Options.comparator: leveldb.BytewiseComparator
2022/04/16-16:49:17.890624 7f8f99598f80           Options.merge_operator: None
2022/04/16-16:49:17.890625 7f8f99598f80        Options.compaction_filter: filter_outdated
2022/04/16-16:49:17.890627 7f8f99598f80        Options.compaction_filter_factory: None
2022/04/16-16:49:17.890628 7f8f99598f80  Options.sst_partitioner_factory: None
2022/04/16-16:49:17.890629 7f8f99598f80         Options.memtable_factory: SkipListFactory
2022/04/16-16:49:17.890630 7f8f99598f80            Options.table_factory: BlockBasedTable
2022/04/16-16:49:17.890646 7f8f99598f80            table_factory options:   flush_block_policy_factory: FlushBlockBySizePolicyFactory (0x7f8f975a7318)
  cache_index_and_filter_blocks: 0
  cache_index_and_filter_blocks_with_high_priority: 1
  pin_l0_filter_and_index_blocks_in_cache: 0
  pin_top_level_index_and_filter: 1
  index_type: 0
  data_block_index_type: 0
  index_shortening: 1
  data_block_hash_table_util_ratio: 0.750000
  hash_index_allow_collision: 1
  checksum: 1
  no_block_cache: 0
  block_cache: 0x7f8f975a3b90
  block_cache_name: LRUCache
  block_cache_options:
    capacity : 8388608
    num_shard_bits : 4
    strict_capacity_limit : 0
    memory_allocator : None
    high_pri_pool_ratio: 0.000
  block_cache_compressed: (nil)
  persistent_cache: (nil)
  block_size: 4096
  block_size_deviation: 10
  block_restart_interval: 16
  index_block_restart_interval: 1
  metadata_block_size: 4096
  partition_filters: 0
  use_delta_encoding: 1
  filter_policy: nullptr
  whole_key_filtering: 1
  verify_compression: 0
  read_amp_bytes_per_bit: 0
  format_version: 4
  enable_index_compression: 1
  block_align: 0
2022/04/16-16:49:17.890649 7f8f99598f80        Options.write_buffer_size: 67108864
2022/04/16-16:49:17.890651 7f8f99598f80  Options.max_write_buffer_number: 2
2022/04/16-16:49:17.890652 7f8f99598f80          Options.compression: NoCompression
2022/04/16-16:49:17.890653 7f8f99598f80                  Options.bottommost_compression: Disabled
2022/04/16-16:49:17.890655 7f8f99598f80       Options.prefix_extractor: nullptr
2022/04/16-16:49:17.890656 7f8f99598f80   Options.memtable_insert_with_hint_prefix_extractor: nullptr
2022/04/16-16:49:17.890657 7f8f99598f80             Options.num_levels: 7
2022/04/16-16:49:17.890658 7f8f99598f80        Options.min_write_buffer_number_to_merge: 1
2022/04/16-16:49:17.890659 7f8f99598f80     Options.max_write_buffer_number_to_maintain: 0
2022/04/16-16:49:17.890673 7f8f99598f80     Options.max_write_buffer_size_to_maintain: 0
2022/04/16-16:49:17.890675 7f8f99598f80            Options.bottommost_compression_opts.window_bits: -14
2022/04/16-16:49:17.890676 7f8f99598f80                  Options.bottommost_compression_opts.level: 32767
2022/04/16-16:49:17.890678 7f8f99598f80               Options.bottommost_compression_opts.strategy: 0
2022/04/16-16:49:17.890679 7f8f99598f80         Options.bottommost_compression_opts.max_dict_bytes: 0
2022/04/16-16:49:17.890680 7f8f99598f80         Options.bottommost_compression_opts.zstd_max_train_bytes: 0
2022/04/16-16:49:17.890681 7f8f99598f80         Options.bottommost_compression_opts.parallel_threads: 1
2022/04/16-16:49:17.890683 7f8f99598f80                  Options.bottommost_compression_opts.enabled: false
2022/04/16-16:49:17.890684 7f8f99598f80            Options.compression_opts.window_bits: -14
2022/04/16-16:49:17.890685 7f8f99598f80                  Options.compression_opts.level: 32767
2022/04/16-16:49:17.890694 7f8f99598f80               Options.compression_opts.strategy: 0
2022/04/16-16:49:17.890696 7f8f99598f80         Options.compression_opts.max_dict_bytes: 0
2022/04/16-16:49:17.890697 7f8f99598f80         Options.compression_opts.zstd_max_train_bytes: 0
2022/04/16-16:49:17.890698 7f8f99598f80         Options.compression_opts.parallel_threads: 1
2022/04/16-16:49:17.890700 7f8f99598f80                  Options.compression_opts.enabled: false
2022/04/16-16:49:17.890701 7f8f99598f80      Options.level0_file_num_compaction_trigger: 4
2022/04/16-16:49:17.890702 7f8f99598f80          Options.level0_slowdown_writes_trigger: 20
2022/04/16-16:49:17.890703 7f8f99598f80              Options.level0_stop_writes_trigger: 36
2022/04/16-16:49:17.890705 7f8f99598f80                   Options.target_file_size_base: 67108864
2022/04/16-16:49:17.890706 7f8f99598f80             Options.target_file_size_multiplier: 1
2022/04/16-16:49:17.890707 7f8f99598f80                Options.max_bytes_for_level_base: 268435456
2022/04/16-16:49:17.890708 7f8f99598f80 Options.level_compaction_dynamic_level_bytes: 0
2022/04/16-16:49:17.890710 7f8f99598f80          Options.max_bytes_for_level_multiplier: 10.000000
2022/04/16-16:49:17.890712 7f8f99598f80 Options.max_bytes_for_level_multiplier_addtl[0]: 1
2022/04/16-16:49:17.890714 7f8f99598f80 Options.max_bytes_for_level_multiplier_addtl[1]: 1
2022/04/16-16:49:17.890715 7f8f99598f80 Options.max_bytes_for_level_multiplier_addtl[2]: 1
2022/04/16-16:49:17.890716 7f8f99598f80 Options.max_bytes_for_level_multiplier_addtl[3]: 1
2022/04/16-16:49:17.890718 7f8f99598f80 Options.max_bytes_for_level_multiplier_addtl[4]: 1
2022/04/16-16:49:17.890719 7f8f99598f80 Options.max_bytes_for_level_multiplier_addtl[5]: 1
2022/04/16-16:49:17.890720 7f8f99598f80 Options.max_bytes_for_level_multiplier_addtl[6]: 1
2022/04/16-16:49:17.890722 7f8f99598f80       Options.max_sequential_skip_in_iterations: 8
2022/04/16-16:49:17.890723 7f8f99598f80                    Options.max_compaction_bytes: 1677721600
2022/04/16-16:49:17.890724 7f8f99598f80                        Options.arena_block_size: 8388608
2022/04/16-16:49:17.890726 7f8f99598f80   Options.soft_pending_compaction_bytes_limit: 68719476736
2022/04/16-16:49:17.890727 7f8f99598f80   Options.hard_pending_compaction_bytes_limit: 274877906944
2022/04/16-16:49:17.890728 7f8f99598f80       Options.rate_limit_delay_max_milliseconds: 100
2022/04/16-16:49:17.890729 7f8f99598f80                Options.disable_auto_compactions: 1
2022/04/16-16:49:17.890731 7f8f99598f80                        Options.compaction_style: kCompactionStyleLevel
2022/04/16-16:49:17.890733 7f8f99598f80                          Options.compaction_pri: kMinOverlappingRatio
2022/04/16-16:49:17.890734 7f8f99598f80 Options.compaction_options_universal.size_ratio: 1
2022/04/16-16:49:17.890735 7f8f99598f80 Options.compaction_options_universal.min_merge_width: 2
2022/04/16-16:49:17.890736 7f8f99598f80 Options.compaction_options_universal.max_merge_width: 4294967295
2022/04/16-16:49:17.890738 7f8f99598f80 Options.compaction_options_universal.max_size_amplification_percent: 200
2022/04/16-16:49:17.890749 7f8f99598f80 Options.compaction_options_universal.compression_size_percent: -1
2022/04/16-16:49:17.890751 7f8f99598f80 Options.compaction_options_universal.stop_style: kCompactionStopStyleTotalSize
2022/04/16-16:49:17.890753 7f8f99598f80 Options.compaction_options_fifo.max_table_files_size: 1073741824
2022/04/16-16:49:17.890754 7f8f99598f80 Options.compaction_options_fifo.allow_compaction: 0
2022/04/16-16:49:17.890757 7f8f99598f80                   Options.table_properties_collectors: 
2022/04/16-16:49:17.890758 7f8f99598f80                   Options.inplace_update_support: 0
2022/04/16-16:49:17.890760 7f8f99598f80                 Options.inplace_update_num_locks: 10000
2022/04/16-16:49:17.890761 7f8f99598f80               Options.memtable_prefix_bloom_size_ratio: 0.000000
2022/04/16-16:49:17.890763 7f8f99598f80               Options.memtable_whole_key_filtering: 0
2022/04/16-16:49:17.890764 7f8f99598f80   Options.memtable_huge_page_size: 0
2022/04/16-16:49:17.890766 7f8f99598f80                           Options.bloom_locality: 0
2022/04/16-16:49:17.890767 7f8f99598f80                    Options.max_successive_merges: 0
2022/04/16-16:49:17.890768 7f8f99598f80                Options.optimize_filters_for_hits: 0
2022/04/16-16:49:17.890770 7f8f99598f80                Options.paranoid_file_checks: 0
2022/04/16-16:49:17.890771 7f8f99598f80                Options.force_consistency_checks: 0
2022/04/16-16:49:17.890772 7f8f99598f80                Options.report_bg_io_stats: 0
2022/04/16-16:49:17.890773 7f8f99598f80                               Options.ttl: 2592000
2022/04/16-16:49:17.890775 7f8f99598f80          Options.periodic_compaction_seconds: 2592000
2022/04/16-16:49:17.903543 7f8f99598f80 [db/version_set.cc:4708] Recovered from manifest file:/home/ritik/education/.dfx/state/replicated_state/node-100/ic_consensus_pool/certification/MANIFEST-000029 succeeded,manifest_file_number is 29, next_file_number is 36, last_sequence is 2352, log_number is 22,prev_log_number is 0,max_column_family is 2,min_log_number_to_keep is 0
2022/04/16-16:49:17.903571 7f8f99598f80 [db/version_set.cc:4724] Column family [default] (ID 0), log number is 22
2022/04/16-16:49:17.903577 7f8f99598f80 [db/version_set.cc:4724] Column family [CE] (ID 1), log number is 22
2022/04/16-16:49:17.903581 7f8f99598f80 [db/version_set.cc:4724] Column family [CES] (ID 2), log number is 22
2022/04/16-16:49:17.919220 7f8f99598f80 EVENT_LOG_v1 {"time_micros": 1650107957919214, "job": 1, "event": "recovery_started", "log_files": [30]}
2022/04/16-16:49:17.919236 7f8f99598f80 [db/db_impl/db_impl_open.cc:821] Recovering log #30 mode 2
2022/04/16-16:49:17.995277 7f8f99598f80 EVENT_LOG_v1 {"time_micros": 1650107957995144, "cf_name": "CE", "job": 1, "event": "table_file_creation", "file_number": 36, "file_size": 308665, "table_properties": {"data_size": 306361, "index_size": 1479, "index_partitions": 0, "top_level_index_size": 0, "index_key_is_user_key": 1, "index_value_is_delta_encoded": 1, "filter_size": 0, "raw_key_size": 72240, "raw_average_key_size": 48, "raw_value_size": 236285, "raw_average_value_size": 157, "num_data_blocks": 76, "num_entries": 1505, "num_deletions": 0, "num_merge_operands": 0, "num_range_deletions": 0, "format_version": 0, "fixed_key_len": 0, "filter_policy": "", "column_family_name": "CE", "column_family_id": 1, "comparator": "leveldb.BytewiseComparator", "merge_operator": "nullptr", "prefix_extractor_name": "nullptr", "property_collectors": "[]", "compression": "NoCompression", "compression_options": "window_bits=-14; level=32767; strategy=0; max_dict_bytes=0; zstd_max_train_bytes=0; enabled=0; ", "creation_time": 1650107957, "oldest_key_time": 0, "file_creation_time": 0, "db_id": "6c110015-5cff-4987-ad37-b3d4061d64c6", "db_session_id": "AEMZDC01PKIL2HKY26HC"}}
2022/04/16-16:49:18.074892 7f8f99598f80 EVENT_LOG_v1 {"time_micros": 1650107958074801, "cf_name": "CES", "job": 1, "event": "table_file_creation", "file_number": 37, "file_size": 284386, "table_properties": {"data_size": 282157, "index_size": 1403, "index_partitions": 0, "top_level_index_size": 0, "index_key_is_user_key": 1, "index_value_is_delta_encoded": 1, "filter_size": 0, "raw_key_size": 72240, "raw_average_key_size": 48, "raw_value_size": 212205, "raw_average_value_size": 141, "num_data_blocks": 72, "num_entries": 1505, "num_deletions": 0, "num_merge_operands": 0, "num_range_deletions": 0, "format_version": 0, "fixed_key_len": 0, "filter_policy": "", "column_family_name": "CES", "column_family_id": 2, "comparator": "leveldb.BytewiseComparator", "merge_operator": "nullptr", "prefix_extractor_name": "nullptr", "property_collectors": "[]", "compression": "NoCompression", "compression_options": "window_bits=-14; level=32767; strategy=0; max_dict_bytes=0; zstd_max_train_bytes=0; enabled=0; ", "creation_time": 1650107957, "oldest_key_time": 0, "file_creation_time": 0, "db_id": "6c110015-5cff-4987-ad37-b3d4061d64c6", "db_session_id": "AEMZDC01PKIL2HKY26HC"}}
2022/04/16-16:49:18.075267 7f8f99598f80 [db/version_set.cc:3949] Creating manifest 38
2022/04/16-16:49:18.187258 7f8f99598f80 EVENT_LOG_v1 {"time_micros": 1650107958187247, "job": 1, "event": "recovery_finished"}
2022/04/16-16:49:18.188295 7f8f99598f80 [file/delete_scheduler.cc:69] Deleted file /home/ritik/education/.dfx/state/replicated_state/node-100/ic_consensus_pool/certification/000030.log immediately, rate_bytes_per_sec 0, total_trash_size 0 max_trash_db_ratio 0.250000
2022/04/16-16:49:18.256924 7f8f99598f80 [db/db_impl/db_impl_open.cc:1638] SstFileManager instance 0x7f8f990ff800
2022/04/16-16:49:18.257065 7f8f99598f80 DB pointer 0x7f8f9902f800
2022/04/16-16:49:18.460441 7f8f7fa44700 [db/db_impl/db_impl_compaction_flush.cc:1523] [CE] Manual compaction starting
2022/04/16-16:49:18.461516 7f8f8da57700 (Original Log Time 2022/04/16-16:49:18.461346) [db/db_impl/db_impl_compaction_flush.cc:2592] [CE] Manual compaction from level-0 to level-1 from '00000000000000000000000000000000000000000000000000000000000000000000000000000000' seq:72057594037927935, type:20 .. '0000000000000A280000000000000000000000000000000000000000000000000000000000000000' seq:0, type:0; will stop at (end)
2022/04/16-16:49:18.461539 7f8f8da57700 [db/compaction/compaction_job.cc:1759] [CE] [JOB 3] Compacting 1@0 files to L1, score -1.00
2022/04/16-16:49:18.461559 7f8f8da57700 [db/compaction/compaction_job.cc:1765] [CE] Compaction start summary: Base version 7 Base level 0, inputs: [36(301KB)]
2022/04/16-16:49:18.461620 7f8f8da57700 EVENT_LOG_v1 {"time_micros": 1650107958461597, "job": 3, "event": "compaction_started", "compaction_reason": "ManualCompaction", "files_L0": [36], "score": -1, "input_data_size": 308665}
2022/04/16-16:49:18.824316 7f8f8da57700 [db/compaction/compaction_job.cc:1423] [CE] [JOB 3] Generated table #42: 82 keys, 17683 bytes
